Date,Weighted Industry Change,K Change,GIS Change,SENEA Change,MDLZ Change,MED Change,MKC Change
2011-04-18,0.0094640547441008,0.0003625864462945,0.0021563836750691,-0.0164285387311662,0.0152811730240288,-0.0011729355606989,-0.0111111653148216
2011-04-19,0.0057990138194705,0.0016331001921814,0.0107670981090808,-0.0093761353470571,0.0060241192272112,-0.0123240012053012,0.0014849320265285
2011-04-20,0.0039049805715988,0.002524786072537,0.0034318175753006,0.0089766605592702,0.0017910857698808,0.0229141820892574,0.0140964022901346
2011-04-21,-0.0037490796228718,-0.0073489844180663,-0.0015802310076908,-0.0067043236780033,-0.0056597744544596,0.0189111695861305,-0.008483419130473
2011-04-25,-0.0005722864417407,-0.0021637023776722,0.0111140026136579,-0.0096359904836782,-0.0113602708355166,0.0287324072609485,-0.00394769244109
2011-04-26,0.0078188401776203,0.0072253921020885,0.0044363774790305,0.02633482928094,0.005420063539235,0.0472103592773686,0.0062499841054278
2011-04-27,0.0048941876936525,0.0094964838963526,0.0007791890726461,-0.0003527417547539,0.0059934303068963,-0.0035787166020172,0.0053652938741754
2011-04-28,0.0032786422478757,0.0088746893618355,0.0013003702488541,-0.017711654555712,0.0026857701311805,0.0081757715844227,0.0061652124537871
2011-04-29,0.0026195262709933,0.008807468662467,0.0025988121103949,0.0075675345755912,0.0011922776881364,-0.0124999999999999,0.0059389123480565
2011-05-02,0.0047357152780612,0.0013988780027235,0.0064632884702058,-0.0357142857142857,0.0056548348224656,-0.0095524702131396,-0.0048661367650964
2011-05-03,0.003127929406943,0.0070125824817923,0.009249759180071,-0.0314698398469772,-0.0002952224296088,-0.0162107243431895,0.0042856956014824
2011-05-04,-0.0003296068273688,0.0058479180324788,-0.0081778606207339,-0.0214067075385622,-0.0008855546944589,0.0025773786284728,-0.0044652165345871
2011-05-05,-0.010327877071844,-0.0007068548404217,-0.0074935635609872,0.0015679736503264,-0.0132978948259561,0.0216942181328948,-0.0022475847719839
2011-05-06,0.0026985360682489,-0.0022855320969411,-0.0002585867671032,-0.0054837952695512,0.0041250209195803,0.0074999809265137,-0.008134995445948
2011-05-09,0.0044899337447643,-0.0059911921160861,0.000775563057399,0.0054967138112039,0.0068027072728255,0.0079090386076411,0.0069786564874594
2011-05-10,0.0281314235370811,0.0086725960790584,0.0069713519482287,0.0456318293348439,0.0032248785805701,0.1109570790105309,0.0056910320112795
2011-05-11,-0.0014275028516108,-0.0059649149576823,-0.004106772360677,-0.0127531940935436,0.0,0.0037815191375194,-0.0018226032936645
2011-05-12,0.0175753741487835,0.0167993063794219,0.0233099636610819,0.038916462929903,0.0131195560626493,0.0340193780537302,0.0203004473015352
2011-05-13,0.0015312673265493,0.0017403809678338,0.005060747991468,-0.0190546148889208,0.00258621133796,-0.0237711587365944,-0.012323647975712
2011-05-16,-0.00404005628976,-0.0041739422342051,0.0010108899629982,-0.0308154707258904,-0.0086107702567927,-0.0062499841054279,0.0100989702474405
2011-05-17,0.0084793856045514,0.0028011178292022,0.0086010666098465,0.0194174757281553,0.0092727767338606,0.022736880653783,0.0014002739042589
2011-05-18,0.0011545884230907,-0.0026173708302999,-0.0002506800964401,-0.0034181600018485,0.0014355220910719,0.0160824490576673,0.0059975856520402
2011-05-19,0.0003314920852408,0.0001745573536411,0.0,0.013277635281376,0.0002859387181635,0.0004043764281013,0.0021829849510607
2011-05-20,0.0016970318150487,-0.0040090560662098,-0.0047606772096068,0.0169811608656397,0.0051355295033917,-0.0195599605410466,-0.0029726063001018
2011-05-23,0.0013906188020747,-0.0024591496381164,0.005309711467096,0.0166100618293453,0.0002859113864507,0.0121541911467049,-0.0010015873175981
2011-05-24,-0.0014208040757823,-0.0075544009893014,-0.0060300971952295,-0.0232214957705439,0.0002868135788336,0.0164405926750756,0.0048086892246152
2011-05-25,-0.0055475380139194,-0.0019531358477913,-0.0068441179351591,0.0166226122203046,-0.0060623293352429,0.0170731735683352,-0.0090198590588244
2011-05-26,0.0050642338553212,0.0135665532903056,-0.001785706465863,0.0104089476065502,0.0055184032827447,0.0172887470930732,0.0052705921727645
2011-05-27,0.0031886506881114,0.0024866677006326,0.004088930310367,0.0156133859572481,0.0028859587220048,0.0054032956570017,0.0030211018443464
2011-05-31,0.0054751187097422,0.0036985365213936,0.0053083689884409,-0.0054387098964905,0.0051739091819178,0.0198472723386555,0.0035992863670678
2011-06-01,-0.0085846248757083,-0.0052863301684678,-0.0098459829244871,-0.1166606171103703,-0.0051561244904768,-0.0449438475149817,-0.0071942566699649
2011-06-02,-0.0083768395284852,-0.0156110922492888,-0.0097862747925836,0.0202396405203114,-0.0069244569972124,0.0164190804357553,-0.015075376884422
2011-06-03,-0.0016857127091721,-0.0027238337880906,-0.0049830169442384,-0.0248036530890097,0.000586755926996,0.0051080218809232,-0.0068013567176685
2011-06-06,-0.0008758140307647,0.0029197052853954,-0.0039514677239018,-0.0237690780405959,-0.0002934640922441,-0.0262745127958409,0.0093632321136858
2011-06-07,-0.0011715380245345,0.0036278026313176,-0.0034228822981069,0.059888037562525,-0.00234460782127,-0.0027899439776206,0.0028842065720617
2011-06-08,-0.0014441758564422,0.0018056784433445,0.0047682200046562,-0.011029430670447,0.0041274531811113,-0.0816573063880063,0.003083912988511
2011-06-09,0.0050739215028504,0.0066763399279459,0.0031629612790115,0.0024600809673032,0.004697587814473,0.0202554385894184,0.0020483096015193
2011-06-10,-0.0102385117554745,-0.0115252909007275,-0.0107979940540153,-0.0131796372785466,-0.007344300625032,-0.0466434032220555,-0.0106623016789593
2011-06-13,0.0074039959053089,0.006722364202948,0.0130319600625527,-0.0327937281246748,0.0058962492257016,-0.0063636086203834,0.0072268939069919
2011-06-14,-0.0054855465100013,-0.0154066752965479,-0.000261220579559,0.0102040717026834,-0.0032004833799838,0.0238416867997914,0.0059110699696789
2011-06-15,-0.0043343004443476,-0.0027538373878702,-0.0044855402849125,-0.0089361312541555,-0.0035149072650875,-0.0370040085783919,-0.0052824487968745
2011-06-16,0.010367881558133,0.0062500026296167,0.0158219398793905,0.0103404432543625,0.0097143951869011,-0.002314867755839,0.0081516512811615
2011-06-17,-0.0007590478232672,-0.0034476944166565,-0.0031520602271262,-0.0025423502107014,0.0,0.0091324550878178,0.0
2011-06-20,0.0112421741316823,0.0061919532604753,0.0129493043470108,-0.0017116351771881,0.0119220661439012,0.0140334750475799,0.0112563090108746
2011-06-21,-0.0026423958639276,-0.0074007190635291,-0.0013027419403092,0.0475382370382663,-0.0040057049096516,0.0131579453705218,0.0023762164729657
2011-06-22,-0.0045395074757852,-0.0065418974802339,-0.0068080212328514,-0.0167483600930923,-0.0023028735517958,-0.0182212620475343,0.0
2011-06-23,-0.0066418646737931,-0.0036818991911464,-0.0122178719927472,0.0354166825612386,-0.0055153102234659,0.0419485927819287,-0.001399434110028
2011-06-24,0.0009957662584095,0.0082857104927912,-0.0096748352380849,-0.0526527134296743,0.0078647430429837,-0.0282977639512758,-0.0009989857706837
2011-06-27,0.0013605527800191,0.003294295519518,0.0075736751434046,0.0279306719509561,-0.0031782897547441,0.0200623651122726,0.0051864814680519
2011-06-28,-0.0003423419890283,0.0023618686638013,-0.0048141296633884,-0.0214312852632312,0.000869529834692,0.0126582678943187,0.0045499415570254
2011-06-29,0.0079156029471543,0.0005438502425644,0.0138324423923274,-0.0079904417679926,0.0040358377021643,0.0004292967428154,0.0031471252346949
2011-06-30,-0.0023749971995642,0.001266962802248,-0.0037473069422179,0.0252504665932673,0.0088774739274385,0.0141025610720409,-0.0278486357501385
2011-07-01,0.0106794027322948,0.0059924066258111,0.0127439640020018,-0.0403763495650371,0.0122716978864356,0.0113588747397558,0.0044301494438001
2011-07-05,0.003902203723755,-0.0021715333972063,0.0054112761875982,-0.0028618028390954,0.0064989981973158,-0.0253955286730396,-0.0046138324829784
2011-07-06,0.0063116651851073,0.0100090851578566,0.0059330473339301,-0.0224581152389057,0.006739619760067,0.006846377478237,0.001816350231557
2011-07-07,-0.0020118031532309,-0.000179442696973,-0.0048400191401595,0.015442439623179,-0.0013896397358719,-0.0083647329241242,0.0024086497916461
2011-07-08,-0.0024101558668658,-0.0077338186506591,-0.0024390284245591,0.0428988203592979,-0.0011189067280376,0.0137397888469329,-0.0076798923126679
2011-07-11,0.0034487932305974,0.0091558321628223,0.0071038837997303,0.0234912884228575,-0.000281591669526,0.0051282410764817,0.0020504095382917
2011-07-12,0.0033843447453068,0.0090793536003411,0.006246592725221,-0.0087025796965007,-0.0008467055895704,0.011558156821939,0.0109030811076355
2011-07-13,-0.0047864814348045,-0.0077005785100423,-0.0091348775238291,0.0103668353139061,-0.0033821570866122,0.0239596331605093,-0.0012140340108601
2011-07-14,0.0042797396172294,-0.0016251381518968,0.0146659674090993,-0.0625984321443819,0.0,-0.0481239919717114,-0.0018222343328629
2011-07-15,0.0024263290234663,0.0003621958949936,0.0126073292943382,0.0196405895261455,-0.0005651443376266,-0.0609287788523059,-0.0022294408190389
2011-07-18,-0.0051936695775863,-0.0005454323508519,-0.0055835969440228,-0.0086777266611863,-0.002834423967718,-0.0434185965278407,-0.0034559498615841
2011-07-19,0.0027400943910552,0.0076377187875187,0.0058526528281479,-0.0004134034171581,-0.0002835598981608,-0.0028503310269364,0.0107657685197044
2011-07-20,-0.0039560653929365,-0.0034203173594688,-0.0047480956449559,0.023927389817764,-0.0036733842994428,-0.0180180685332335,0.0
2011-07-21,0.0017712098778605,0.0066606469300889,-0.0010557116962707,0.0124347959144638,0.0019773924239252,-0.0052630959335235,0.0086000061035154
2011-07-22,-0.0021738067829017,-0.0014288592365849,-0.002900095161258,-0.0102888889660448,-0.004215894270921,0.0182079130563444,-0.0009940206325828
2011-07-25,-0.0009780076044155,0.0066642458363495,0.0074805978363338,0.0266990236951811,-0.0062411693816491,-0.0158501406600928,0.0012000274658203
2011-07-26,-0.0031976641052391,-0.0001791813919338,0.000264575847869,-0.0204161195301795,-0.0051296752463111,0.0029397092793213,-0.0041983023300844
2011-07-27,-0.0069619777241281,0.0005403238301428,-0.0076699525256351,0.0133171878354263,-0.0080437398146435,-0.0104012375565342,-0.0134781368192502
2011-07-28,-0.0018006345780914,0.0048604943559305,-0.005865033747004,-0.0118905763972897,0.0002891359457426,-0.0409794945249753,-0.0014239156843266
2011-07-29,0.0038436365554552,0.0054073402944452,0.0064672018276006,0.0494327106267759,0.0011648490200815,0.019545637924982,-0.0042979754778832
2011-08-01,-0.0118362306798192,-0.0151353005062422,-0.0211025914080861,-0.013399707895262,-0.0078012266108688,0.0030411239068995,-0.0122373748533407
2011-08-02,-0.0077594324337393,-0.0109012041940043,-0.0119111706298451,-0.0089529562009951,-0.0005854934968681,-0.0787756984838827,-0.008315960995235
2011-08-03,0.0050379976812522,-0.0018365893005906,0.0043775608960855,0.0489510719950765,0.0064553225993488,0.0219721249070091,0.0006288533760191
2011-08-04,-0.0546120637400736,-0.0276438151444468,-0.0181020258909766,-0.0681998160263119,-0.062447962149054,-0.0238727190362192,-0.0307886786345088
2011-08-05,0.0016356797410135,0.0102234176192215,0.0105263458220819,-0.0436974387192104,-0.0005732432821311,-0.0099813346371047,0.0023660312257041
2011-08-08,-0.0060419230892903,-0.0230667656415571,-0.0014021098506588,-0.0280416473142529,-0.0067766514891762,0.0664911922618147,-0.0339942815284856
2011-08-09,0.0091224611732632,0.0121317362683021,0.010098086402408,0.0035922731055968,0.0076561290706674,0.0313063534802624,0.0113915192387443
2011-08-10,-0.0265865583026575,-0.0143650644158517,-0.0182583634562273,-0.0477514508052601,-0.0347263190427377,0.0089552011062851,-0.0178651018059074
2011-08-11,0.0337527625597212,0.0140050811678687,0.0208273768367006,-0.000968076375188,0.0428133846641474,0.0307692585503676,0.0293652411027378
2011-08-12,0.0055966561451926,0.0095438061810473,0.0083635139669292,-0.0176948318787557,0.0055540031128645,-0.0406549605067881,0.0004368820073608
2011-08-15,0.0041274299190453,0.0056285035901457,0.0052169810806926,-0.0067633474317413,0.0026019124657668,0.0205278825296925,0.0106291040061936
2011-08-16,-0.0027293324223074,-0.0001866403134246,0.0074174898831926,0.0053658834317833,-0.0072547883529296,-0.0237543361515163,0.001511545945766
2011-08-17,0.0002224963586969,-0.0035407869409105,-0.0024443279015164,0.015019446824523,0.0029043994549734,-0.0447322094832387,0.0004292967428154
2011-08-18,-0.0026690147209811,0.002848959294102,0.0016555616946728,0.0038872655006138,-0.0038302079751902,-0.0336507766965837,-0.0105170803824593
2011-08-19,-0.004627581236947,-0.0060860307793387,-0.0080331610273604,-0.0019417919799324,-0.0035745884115471,0.042553214424603,-0.0107214549325092
2011-08-22,-0.0120611532238767,-0.0018904023806016,0.0011059142259423,-0.0359677402611704,-0.0195792507230314,-0.0521739212847899,-0.0062194308407339
2011-08-23,0.0130703306965213,0.0070035759807086,0.0137931034482759,0.0042154637461273,0.0127748160167874,0.01302088329491,0.0233904934581639
2011-08-24,0.0068813400020884,0.0083018608813015,0.0079019321389278,-0.0168776658058708,0.0055833807881839,0.024500329389635,0.0061256311442207
2011-08-25,-0.0183692605402919,-0.0152956479292761,-0.0113482352875696,-0.015122859032693,-0.0204022365176693,-0.0631644930168256,-0.0210778185800624
2011-08-26,0.0116502867861985,0.0096829723554303,0.0043811567745501,0.0240786123799952,0.0128281712202718,0.0381271341652647,0.0209867963271934
2011-08-29,0.0128339946185501,0.0123364457460207,0.0162381180441783,0.0576190040225074,0.0096377920613523,0.0176879777634237,0.0218946086743384
2011-08-30,0.0051275567505373,0.0018604367278343,0.0064137276913596,0.0286624695739703,0.0040497365022943,0.0225000381469726,0.0110897945091136
2011-08-31,0.0045417452976899,0.0022140024021332,0.0045044557865588,0.0285588581719536,0.0054550277553988,-0.0054545547022964,0.0027276766372522
2011-09-01,-0.0051966234378641,-0.0057110826375328,-0.0060621916331438,-0.0055745781504214,-0.0028644650403371,-0.0506405735778092,-0.0052410900629216
2011-09-02,-0.0038723427049561,0.001681617186437,0.0029490780858318,-0.0521929239705714,-0.0052249724583293,-0.0288335863340846,-0.0046968663532545
2011-09-06,0.0106784138634863,0.0173003778290948,0.0051770741896238,-0.0019156613882374,0.0118765297581497,0.0006920573711997,0.0163934426229511
2011-09-07,0.0091543138680591,0.0077791842172296,0.0064309131947844,-0.0436005770512064,0.0069484035149993,0.0730223074030854,0.0168442873161565
2011-09-08,0.009790377023746,0.004616805040726,0.0117459277138272,0.0034465631051148,0.0141741881050742,0.0012562502508487,-0.0154009142074611
2011-09-09,-0.0082313512755606,-0.0161230345931399,-0.0050384150443326,0.0108214124043336,-0.0071921752609845,-0.0356687562258383,-0.0147218083003486
2011-09-12,0.0026673593598811,-0.0039734927253684,-0.0016102405071518,0.0167818434722027,0.0043988719234913,0.0476510104915699,0.0086628028805626
2011-09-13,-0.0024271976940449,-0.0054986899184296,-0.0075167457529362,0.0116166395397253,0.0,0.0069886030464502,0.005266659646128
2011-09-14,0.0039002801418609,-0.0003796594086521,0.0035077509066598,0.0298861083039247,0.0040709331821209,0.0350657739670085,0.0069640846465953
2011-09-15,0.0077728031678437,0.0137813767304768,0.0136765435508702,0.0104497746408251,0.0031573079755968,0.0167764392053498,0.006002117259129
2011-09-16,-0.0013218225649599,0.0016697615962899,-0.0058016196368392,0.0057957716896064,0.0005707893048259,0.0029256428680005,-0.0046639265326641
2011-09-19,0.0031664831150329,0.0007485201451214,0.0040118087276684,-0.0131281536226413,0.0034532066729428,-0.0077197783216918,0.0034534824323027
2011-09-20,-0.009259823630792,-0.0033569621178927,-0.0116002800729992,-0.0154968160579625,-0.010037237879037,-0.0005951382135272,-0.001284275935858
2011-09-21,-0.0020761704156546,-0.0157126855026802,0.0123781245956241,-0.0639777088683842,-0.0135837406570231,-0.0148632582958327,-0.0256849471657909
2011-09-22,0.0339169373822515,0.0102158590667918,0.0430420151594683,-0.035148562624013,0.0305716914701688,-0.0087445559850897,0.0207960706571994
2011-09-23,0.0047511233658561,0.0047755493273523,-0.0020539622461524,-0.0133128632739691,0.0077705362625406,0.0292471206987329,0.0196721645000853
2011-09-26,0.0124086108671134,0.0109785727097303,0.0115296125291748,0.0051652102772987,0.0124112933525857,0.035287091914929,0.013412757867681
2011-09-27,-0.0039750457150893,0.0044494194396948,-0.0105341906244554,-0.0160803869828345,0.0008595638391201,-0.04542879708584,-0.0072856428423844
2011-09-28,-0.0185232566445138,-0.009043958577091,-0.0200355290239153,-0.0061538891914563,-0.0138288549379724,-0.0305124157189678,-0.0334447840513759
2011-09-29,-0.0055225540014264,-0.0062742233106518,-0.0007703847035141,0.0171457465403938,-0.0066263194555717,-0.0255516053573681,-0.0113102597608544
2011-09-30,-0.0135932703773561,-0.0056085818348101,-0.0077339321985027,0.0,-0.0209911784845729,-0.0253470177446734,0.0052265175966209
2011-10-03,-0.0070604626174966,0.0028447094098446,-0.0078410677005102,-0.0647628974112969,-0.0075007496629377,-0.0012523767958202,-0.0198516545458767
2011-10-04,0.0061686548507285,0.0121765481911435,0.0111643273675536,0.0943188676766041,-0.0006082864085751,0.0460567523449256,0.0363881157957681
2011-10-05,0.0003482278902372,-0.0045120862937759,0.0029076603312243,-0.0265664494424519,0.0021328365470782,-0.0484449461248139,-0.0026030137929856
2011-10-06,0.0167171977987627,0.0090634356218684,0.0081879966612835,0.0087358727796441,0.0222357447920029,0.0175990376700758,0.0158833672057872
2011-10-07,0.0024160144947297,-0.001304018152501,0.0138670529139016,-0.0410750250581318,-0.0008879133821022,-0.0201834811013252,-0.0042662277811995
2011-10-10,0.0047544981596742,0.0003701732040633,0.0064004094011873,0.0196891752920664,0.0046865802657459,0.0152160678853574,-0.0010581849113346
2011-10-11,0.0092965727208498,0.0063103219348132,0.0124270317011692,-0.0785846035769625,0.0052600905539089,0.0259505318705643,0.0059537019192396
2011-10-12,-0.0013444189590854,0.0018402369127769,-0.005002520390931,-0.0196548339125478,0.0008677691513361,-0.0040556021955948,-0.0025317034328895
2011-10-13,0.0034438297310021,-0.0044280751861335,-0.00631791766308,-0.0098960348664476,0.0119047579489198,0.0116958392473221,-0.0074342029567954
2011-10-14,0.001125642562267,0.0080882098229296,0.003034874281898,0.0158180772152822,-0.0005673888727283,-0.0285714285714286,0.0048667660834173
2011-10-17,-0.0051086197149706,0.0051338242500313,-0.0020283473413523,-0.0156862598435323,-0.0136170082903925,-0.0438128950775269,0.0093180562332572
2011-10-18,0.0124760278087318,0.0027437631407149,0.010167806922405,0.0168818352975045,0.0123527804714687,0.022881931817418,0.0209248792810775
2011-10-19,-0.0072989589888425,-0.0069267419593055,-0.0085448641559396,-0.0415241085800406,-0.0059898143452418,-0.0090634214770464,-0.0104593588820525
2011-10-20,0.0003184765704535,-0.0009184283306726,-0.0045512088153748,-0.0020336001714383,0.0025736388174503,0.0073393840418969,0.0035109869903221
2011-10-21,-0.0005751299727389,0.0032846771474776,-0.0005023978164715,-0.0300449922259063,-0.0042432169068252,0.0132609590916835,0.0175689601010725
2011-10-24,-0.0066345536696804,-0.0041818098588423,-0.0180813969417661,0.0061856103913926,0.0011349914564422,0.0166765195967281,-0.0042261841472418
2011-10-25,-0.0122357813595846,-0.0167914212131699,-0.0086823328374034,-0.0484536367289286,-0.0118811368337905,-0.0335688875259621,-0.0142304730185965
2011-10-26,-0.004400868088014,0.0053456389958959,-0.0012807181323773,0.0159999593098958,-0.0096153887646812,0.0023951500809193,0.0010250728374156
2011-10-27,-0.0052498065422582,0.0,-0.0090794601890897,0.0850738740545482,-0.0053280602221531,-0.0076560167415341,-0.0048290075408965
2011-10-28,-0.0007911419624702,-0.0056271804761731,-0.0040722790451469,-0.0160300924052449,0.0,0.0225518784666908,0.0083316369648437
2011-10-31,-0.0038302905073774,-0.0036758089229984,-0.0130635790028278,0.0233349319084873,0.0028505834920616,-0.0329411450554341,-0.0146103373344308
2011-11-01,0.0014321258665764,-0.0007462145889684,0.0052479863483692,-0.0459486321982504,0.0,-0.0168223998083382,0.0050219263270941
2011-11-02,-0.0060857762737146,-0.0014781599766493,-0.0005180123659026,0.0162601468425821,-0.0100029228930772,-0.0296342574734306,0.0057934775230436
2011-11-03,0.0026667647898845,-0.0006006964381617,0.0225721954014172,0.0444005721857575,-0.0038975333180688,-0.0019505677989574,0.0179482172144537
2011-11-04,-0.0040160497133555,-0.001000785387846,-0.0038640269721306,0.0282567134244188,-0.0156687562112905,0.0736767325015766,-0.0010044041439659
2011-11-07,0.0049641448846461,0.0110242381998238,0.0202176967930835,-0.0111835872020991,0.0005664247234724,-0.0153743646607058,0.0082661262101859
2011-11-08,-0.0025838053748908,-0.0138367416649166,0.0022836882247234,0.0505617927362167,-0.0011261518865942,0.0367097185895761,-0.0003996095518192
2011-11-09,-0.0100927659897781,-0.0150511734385005,-0.0063987714858652,-0.0422405898663745,-0.0102505871668669,0.0277965998245498,-0.0180748004469487
2011-11-10,0.0007780270386075,-0.0004048675535606,-0.0012751654738075,0.0240907051036306,0.00171090315977,0.00712894714852,-0.0004095097809414
2011-11-11,0.0037547447573268,0.0006037954281208,0.0073847953182289,-0.003202181741526,0.0033850191622623,0.0076824511164065,0.004052700488822
2011-11-14,-0.0058884028579979,0.0032329731660066,-0.0070779217460589,-0.0216489789578408,-0.0058922303049661,-0.0353242933744808,-0.0068700776127842
2011-11-15,0.0065522690603716,0.0095276178504008,0.0071210269956776,0.0465225441341009,0.0022598308731411,0.0233957473647892,0.0075417635859708
2011-11-16,-0.004473507003184,-0.0070678975279265,-0.0096716991412708,-0.0305936113225792,0.0002843939934948,-0.0323218849637262,-0.0052952816621826
2011-11-17,-0.0017923527224867,0.0034546227759679,-0.0023249846219704,-0.0046970585800582,-0.0011428833007813,-0.0279291443384747,-0.0086366846476987
2011-11-18,-0.0055282771674764,-0.0030291099453209,-0.0079773898204324,0.0093940275711757,-0.0045805853425201,-0.0222067798898472,-0.0059843359679359
2011-11-21,-0.0005165141651725,0.0022435368772231,0.0070866264718374,-0.0076009431454235,-0.0026170443205937,-0.0107142584664482,-0.0041936874397429
2011-11-22,0.0022158646285842,-0.007317085462786,0.0057516659007352,0.0138359221466845,0.0058224387721625,-0.0223343239957304,-0.003790277928278
2011-11-23,-0.0067699856737857,-0.0080180796575304,-0.0070625284069223,-0.0099573727027934,-0.0049419179099362,-0.020710109257779,-0.0110333215781628
2011-11-25,0.0069386753432517,0.0112010148471723,0.0039390153353227,-0.0448625338018436,0.0038023127621209,-0.0151400309377433,0.0169345568057876
2011-11-28,-0.0001468804864441,-0.0038926948588496,-0.006195190192782,0.0223214665845949,0.0092565721043998,-0.0066568157944263,-0.0126529894614338
2011-11-29,0.0085269651237896,0.0022807508064609,0.0145454902153509,0.0150704652669676,0.0091403463257143,-0.0193308723099559,0.0004182446234066
2011-11-30,0.0064548989039566,0.0077900999923047,0.0119047929623276,0.0455591252633903,0.0050041784561347,0.0138483656476228,-0.001435302320426
2011-12-01,0.0047502365740825,-0.0010197682705564,-0.0002505217131403,-0.035382623742297,0.0091236341653459,-0.0057929670492068,0.0
2011-12-02,-0.0023708736722767,0.0006110975596583,-0.000250241078934,-0.0175517282493363,-0.0035490326050902,-0.0236898719652893,-0.0004099294402209
2011-12-05,-0.0020072339827988,0.0105199363656331,0.0017438887864622,0.0234233573218212,-0.0094954498920997,0.0223665531959339,-0.0018274142657442
2011-12-06,0.0013282501930845,-0.0057907528938532,0.0084766927802076,-0.0114336073658215,-0.0010944163163423,0.0063559430478624,0.0042692194558406
2011-12-07,0.0012233185708682,0.0004015349771584,0.0034637112985638,0.0236923897815571,-0.0002750862503459,0.0049434813261676,0.0042631527877685
2011-12-08,-0.0042272038421297,-0.0082461753287606,-0.0051915718297107,-0.0386667039659288,-0.0024834478040702,-0.0014194788890756,-0.0062905350298828
2011-12-09,0.0093003913700745,0.0072800931202687,0.0004949663938402,0.0370878873756054,0.0121346514554292,0.0333097291612186,0.0121976480091336
2011-12-12,-0.0075003486019775,-0.0132609974149426,-0.0057043537692746,0.0256410124409241,-0.0060044002283821,-0.0013898858433974,-0.0120724804750058
2011-12-13,-0.0086726498990392,-0.007941343612328,-0.0109370775967084,0.0161009941951196,-0.0079300223666226,0.0,-0.0087540780644572
2011-12-14,0.002920689117138,-0.0010259140343834,0.0020176043702092,0.0593587887245285,0.0041655521485879,-0.0103805965751014,0.004733474820211
2011-12-15,0.0030123455228009,-0.0026590523570913,0.0005007626051919,0.0080906459747112,0.006348317558442,0.0034626171875233,0.0012178074433437
2011-12-16,-0.0064455004576098,-0.0046938682089047,-0.013167671535326,-0.0027999877929687,-0.0043656163915609,-0.0095694013826125,-0.0063175336298954
2011-12-19,-0.0096460448862109,-0.0040874874656049,-0.0050264075983322,-0.0095884844000908,-0.0133478037589161,-0.0389078300113569,-0.0032666363598907
2011-12-20,0.0093654239265264,0.0102396064151283,0.0074397362476394,0.023640677750582,0.0109559447895943,0.0251045783017149,0.00813672756551
2011-12-21,0.0138351695422731,0.0144045256905034,0.0198069770985458,0.0088974676534704,0.0113728179115788,0.0143835638808272,0.0145513586775306
2011-12-22,-0.0041323892068351,-0.0002002868970341,-0.0004959200807243,-0.0034220591330309,-0.0061267857386015,0.0195681489760291,-0.0087423490045404
2011-12-23,0.0093162136505411,0.0096269461765044,0.0071996257278041,-0.0011420131755894,0.0115250680608017,-0.0144737019598321,0.004790452809909
2011-12-27,0.0021924362492415,0.0089463373710728,0.0,0.0285605481135951,0.0,-0.006056473821864,0.0081462315218739
2011-12-28,-0.0054561952951135,-0.0037349838942083,-0.0056552631569073,-0.0107407746491608,-0.0048077006351002,-0.0340367606727292,-0.0035650683143578
2011-12-29,0.0060249975199595,0.0047412422665151,0.0017245551751928,0.0097928525933404,0.0096463186842279,-0.0141844508885471,0.0073384125350866
2011-12-30,-0.0018048053292846,0.0003956569350253,-0.0012357696043482,-0.0383612913226009,-0.001069543152282,-0.0093862895928038,-0.0072849525479907
2012-01-03,-0.0123595552007688,-0.0100059274870745,-0.007144639429346,-0.0348221072534908,-0.0179183212517836,0.0641939792542511,-0.0119772355526489
2012-01-04,0.0013364065838969,-0.0019797758353608,0.002720766992858,0.0114624871253963,0.0010709750244048,-0.003371557045994,0.0027899439776206
2012-01-05,0.0070160989216447,0.0031802791302854,0.0064261527956939,0.0105633984117813,0.0082821632584426,0.0074073840977475,0.0047866310607962
2012-01-06,-0.0075096410359645,-0.004336708509527,-0.0106172914858217,-0.0245232018302231,-0.0097573562698052,0.0288010276431408,0.0009934280795059
2012-01-09,9.221205977569792e-05,0.0,-0.0019960535778393,-0.0256916853016391,0.001327397244182,-0.0039318754073894,0.0029703272451265
2012-01-10,0.0031628351424274,0.008634270983343,0.0059865721514923,0.0036086668268105,-0.001050996166159,0.0155339659599371,0.0054998778262833
2012-01-11,0.0023709314667127,0.005068267838153,0.0059730677438202,0.0793905172348523,-0.0007902734462692,0.0070197610811538,0.0019604448560853
2012-01-12,0.0026231257732813,-0.002907569789402,0.0051941400664736,0.012345676369527,0.0028863974964534,0.002526845359811,-0.0007799746837401
2012-01-13,-0.0077236808195936,-0.0107087077594329,0.0029614740999287,-0.0221139484947244,-0.0107386025179398,-0.015296352934147,0.0037240028421064
2012-01-17,-0.0005201354228027,-0.004109571247424,-0.0007352642122018,-0.0181268712437368,-0.0002621479206397,0.0165499827021328,-0.0019417179440989
2012-01-18,0.0122628193802156,0.0047133088589381,0.0068677649289442,0.0458221242018165,0.0152071798724805,-0.0050188159229631,0.0101147725988538
2012-01-19,-0.0019161713676399,-0.0035039966696213,-0.0021929861252474,0.0179618679906425,-0.0023201894937792,0.0118600887190927,0.0013461479773888
2012-01-20,-0.0045753265637739,-0.0029285732585706,-0.0046500841548717,-0.0039840857631244,-0.0036074001389253,-0.0123762259377227,-0.0094231092012844
2012-01-23,-0.0036509075576992,-0.0007837169829511,-0.0014745038244942,0.0376130535217208,-0.0038839387708475,-0.027568895948097,-0.0054273847348076
2012-01-24,-0.0040361005552424,-0.004337563395273,-0.011097429627771,0.0070028279649639,-0.0018243340310873,0.0129449716332811,-0.0023437291034501
2012-01-25,0.0082252995391156,0.0101190140097778,0.0091925200468266,0.0640301624026587,0.0065582373296155,0.0115458821946133,0.0152701400026707
2012-01-26,-0.0029928020287158,-0.0174921260016672,-0.0066404441410949,0.0269408101221864,0.0010372691754566,0.0094399351141374,0.0112871226697862
2012-01-27,-0.0053124893778642,-0.0044044287756321,-0.0086677137087724,-0.00963188105388,-0.0038839387708475,0.0281250476837158,-0.0111808493515574
2012-01-30,0.0017517597179944,0.0079461975366445,0.0025151482152903,-0.0073247642574975,-0.0033933976365209,0.012277399898743,0.0095731860406725
2012-01-31,-0.0006977867634439,-0.0002018639567861,-0.0035026115930144,0.0055613432348393,0.0013071695963539,-0.0090198211725802,-0.006487085183534
2012-02-01,-0.0023467661164005,-0.0058467159224081,-0.0034860405921404,0.0183391243474506,-0.001298007177216,-0.0162847080220806,0.0076938886350689
2012-02-02,-0.0036409039741379,-0.0072605757168764,-0.0054794822501144,-0.0020470647231536,0.0007782774212169,-0.0170939434458291,0.0068627151788449
2012-02-03,-0.0022563952678015,-0.0011788088701825,-0.009445713955733,-0.0278710511943761,0.0018036509236609,0.0199999809265137,-0.0050485110977321
2012-02-06,-0.0025314371988124,0.000592275980121,-0.0032663585579714,-0.010719206954515,-0.0043735058815726,0.0233990808787475,0.0035314950140254
2012-02-07,-0.0030549119999936,0.0013793043315116,-0.0073084907584922,-0.0154983668956829,-0.000519087941794,0.0108238312843957,-0.0062979666635559
2012-02-08,-0.004640038568379,-0.0113903777928872,-0.0096446967867662,-0.019865248764875,0.0020801308621711,0.0053380871488597,0.0013853096480363
2012-02-09,0.0005321645987711,-0.0023843183432586,0.0007683122811862,-0.0299926733814081,0.0020746372797806,0.0017689085061906,-0.0013809370037611
2012-02-10,0.0034338255162659,-0.0037999725341797,0.0079938469068883,-0.0355097474689395,0.0025988121103949,0.0140432866574212,0.0021851531588823
2012-02-13,-0.0029242225186692,-0.0009985867258896,0.0051098816059856,-0.0074510013355928,-0.0080082037180439,0.0137693497943828,-0.0069006758752895
2012-02-14,0.0055309604703944,0.0088246815347539,0.0116929100835907,0.0229248988615163,0.0015609098708271,-0.0056561300759964,-0.0013891584773191
2012-02-15,-0.0012667356983593,0.0024648701039205,-0.0065211519563216,-0.0141654221801417,-0.001043592841546,-0.0187606549655147,-0.007903606422741
2012-02-16,-0.0032727141230588,-0.0032239364767894,0.000503029643058,0.0369937244665588,-0.0072689194176901,0.0202663793973662,0.0057792131080841
2012-02-17,-0.009575213649468,-0.0041706392550354,-0.0164186607789714,0.0428410132844931,-0.0047132838871037,-0.0130017774246049,0.0049475560269047
2012-02-21,-0.0035573042529805,-0.0100972104600172,-0.0036486680621744,-0.015517806280553,-0.0018115863335898,-0.025981458632779,-0.0120007985122456
2012-02-22,-0.00209257142401,0.0117488565459239,0.0101907338642143,-0.0211370230472911,-0.0117064766992348,-0.0316040949420575,-0.0037849091338365
2012-02-23,0.0013673362345904,0.0007538088917242,-0.0002587557373482,0.0274277162221487,0.0023753009775048,0.0104679851410022,0.0030012310374703
2012-02-24,-0.0068377911395182,-0.0078991571075626,-0.0108892448086193,-0.0158501631999209,-0.0028955147536598,-0.0066707466269482,0.0019927954067945
2012-02-27,0.0051972052910796,0.0037950808357504,-0.0007879900062344,-0.0085185015643084,0.0101252619364554,0.01351347076631,0.0099920062120712
2012-02-28,0.0006306490230392,-0.0055111574822621,0.004218292805821,-0.0189591165841696,-0.0005260509606227,0.010309283120288,-0.0076877467606466
2012-02-29,0.001031615043479,-0.003616338753243,0.0057758261964243,-0.0350281892486454,0.0007886114241555,-0.0304659639100921,0.0017871356532388
2012-03-01,-0.0028068090192096,-0.0036225441113911,-0.0049531396867334,-0.0239381830508286,-0.0018383273675263,0.0252152424133331,-0.0003964411786167
2012-03-02,0.0045246799865972,-0.002106484254695,0.0042072009610268,-0.0735468779366304,0.0063141722984722,-0.0305389344660167,0.0103420936831405
2012-03-05,0.0062310999953296,-0.0003838122726811,0.0139216911884801,-0.0268198879057126,0.0036639464277119,-0.0111523765990295,0.0013793043315116
2012-03-06,-0.0005630778577232,-0.0017331051811859,-0.004928628546543,-0.0127249189941786,0.0020948372330848,-0.0228281927648473,-0.0041469014021273
2012-03-07,0.0001655650566843,0.0023161345049999,0.002345586528362,0.0132042761212957,-0.0015834668661974,0.0154938524638105,0.0029679008402143
2012-03-08,-0.0021463098940449,0.0094357377409971,-0.0043995386032761,0.0069294000153645,-0.0036793532839829,0.0151801904537624,-0.0043137494255513
2012-03-09,0.0019600490682954,0.0022935575799828,0.0028593867133115,0.0411076949589216,0.0010551547266776,0.0068493533007167,0.0019653787740142
2012-03-12,0.0052412683812078,0.0066692509884012,0.0060083476899357,0.0439966985300554,0.0044795300534307,-0.015375153535111,0.0074539245101486
2012-03-13,0.0037738872608188,0.001704225530155,-0.0007767679991339,0.0167641447006155,0.0046948436217895,0.0251688044425646,0.007981309245417
2012-03-14,-0.0041745609483561,-0.0054955640138656,-0.0002596292383531,-0.000771325010732,-0.0101141906238583,0.0577663429356544,-0.0054179330039368
2012-03-15,0.0053740976002623,0.0072325322953252,0.0075520075340268,0.0046117959175117,0.0044583835348346,-0.0078978838394488,0.0064265207567823
2012-03-16,-0.0006608810166422,-0.0047285796302377,0.0023231840136421,0.0118320403402769,-0.001820538190774,0.018995065670295,-0.0003864822756264
2012-03-19,0.0008031349003179,0.0020955761504465,-0.0033461327805341,-0.0015071934494147,0.0002607804249714,0.0314009948389862,0.0067829902939609
2012-03-20,0.0044569166694732,0.0045766911661313,0.0062304740632772,-0.0034364318729529,0.0041895745788323,-0.0118342520772326,0.0007738618028648
2012-03-21,-0.0012127627273014,-0.003607340674278,-0.0023272909788473,0.0026666550409226,0.0,-0.0053892304476787,0.0023161345049996
2012-03-22,0.0006253428066004,0.003245478531477,-0.0007763659360953,-0.0386676951160267,-0.000523161339345,0.0213545085114998,0.0094997643733025
2012-03-23,0.0020617923588983,-0.0022843886288466,0.0062159507893192,0.0525269258358616,-0.0002613257180298,0.0209330380289057,0.0024990593420079
2012-03-26,0.0067031810957237,0.0024668134010095,0.006153889191456,0.0337965285107803,0.0065138090943851,0.0081159066462862,0.0129919813372824
2012-03-27,-0.0025321875231817,0.0045394681920838,-0.0033129730518481,-0.0108617355283725,-0.0075032575440696,-0.0086504969556119,0.0130792368638312
2012-03-28,-0.0010125858342271,0.0026331241144836,0.0025608781247672,-0.0055005359740494,-0.0028886713514245,1.2111437802264647e-16,0.0007380242613334
2012-03-29,-0.0002046555779537,0.0020645760674136,0.0025627491785739,0.0037119665733972,-0.0029007595191389,0.0352941400864545,-0.0003695576156395
2012-03-30,0.003262966996073,0.0022426228806989,0.0035614190983865,-0.0355181007807837,0.0036968416582278,-0.0157835789322479,0.002948219017183
2012-04-02,0.0097869787923014,0.0056138297055993,0.0117466569526316,-0.0152207578168813,0.0086728472449815,0.0338691245696832,0.0102752545557981
2012-04-03,-0.004486355494099,-0.0076222316496328,-0.0047703347394302,0.0143913205915613,-0.0039021258205099,-0.0072829728480112,-0.0020000110973011
2012-04-04,0.0024443462713273,0.001879389034749,0.0043015730510175,-0.004285181535825,0.0020975834382526,-0.0079999651227677,-0.001469811328424
2012-04-05,-0.002741496329943,-0.0015020281426682,-0.0091463568284825,-0.0256309743783516,-0.0015747391337695,0.061200894031144,0.0027650050853255
2012-04-09,-0.0017480189767686,0.0022739990684823,-0.0007744603173526,0.0144987734183542,-0.0039746030526673,0.0171840050005519,-0.000927285585283
2012-04-10,-0.0094496454164593,0.0015137527599713,-0.002848281030395,-0.0597626268351693,-0.0127999877929689,-0.0147380164989822,-0.0078052773262156
2012-04-11,-0.0072229954514239,-0.0026341147756605,-0.0036166208462813,-0.0051085114114095,-0.0096696377861392,0.0255713407053019,-0.0005571838635186
2012-04-12,0.0056192317082924,0.0033949510302094,0.0051866426638854,0.0587983212057063,0.0062313612350896,0.0079702242806903,0.0009265981821511
2012-04-13,0.0039091527763722,0.0033923916418588,-0.0007745618293685,-0.03885483571761,0.0067385447515418,0.0121435868928697,-0.005739632812952
2012-04-16,0.0032440707047501,0.00545012066373,0.0002582529395477,0.0208068660017484,0.0037394019626334,0.013464538377663,0.0040868920401733
2012-04-17,0.0143580895406719,0.0029839584222178,0.0077279556779735,0.0322313535002604,0.0177201307752027,0.0268899396886849,0.0062626661789326
2012-04-18,-0.0012628799181028,-0.0026060943124937,0.0035924912820904,-0.0258481172751323,-0.0020876309236565,-0.0367427901461857,0.0062592075570333
2012-04-19,-0.0018578650310881,0.0056074623749635,-0.0012797347696722,-0.0224719475695831,-0.0036515229288274,-0.0274468562379637,0.0069647588682797
2012-04-20,0.0040483250012949,0.0027860610225443,-0.0040920678684425,-0.0282555500369324,0.0078451679888258,-0.0021063195713959,0.0067223642029479
2012-04-23,-0.0097543771679527,-0.0185830253060049,0.0002591227105144,-0.0270269916430961,-0.0054973581224739,-0.0037533349198928,-0.0079913263790744
2012-04-24,0.0014396840192021,-0.0049329123617718,2.51606614263755e-16,0.0192898090468867,0.0055045629377028,0.0128893533996233,0.0032906819500035
2012-04-25,0.0022886498751195,-0.0021738497820422,-0.0002577205842966,-0.0105932201677545,0.0044076221153143,0.0094438777659682,0.0001815269783566
2012-04-26,0.0034844742302828,-0.0069087736907874,0.0025773786284727,-0.0008606049036425,0.0085337948456307,0.0062402934004149,0.0087114949224371
2012-04-27,0.0032651066939367,-0.0007938264737417,-0.0023065133657624,0.0324675319313688,0.0061287456435641,-0.0046415758339806,0.0043056666046395
2012-04-30,0.0023616562414087,0.0041699579413722,-0.0015404716846144,-0.0234800610895367,0.0030188410537049,-0.003112104312972,-0.0003575980270791
2012-05-01,-0.0028878334809939,-0.0112714988780701,-0.0033282402341165,-0.0312232492916988,-0.0002514995251532,-0.0233524002205279,0.0019716904202621
2012-05-02,0.0004920041574133,0.0101918127938114,-0.0051427299068739,0.0061242076076343,-0.0007550661878307,-0.0090329478772892,0.0034166269488156
2012-05-03,0.0002909264949081,0.0033609759349778,-0.0033678046258245,-0.0061242910437051,0.0015178693433816,-0.0295857575334114,-0.0003588169566095
2012-05-04,-0.0018345135940455,-0.006114425416688,-0.0046753326019685,-0.0167032598139165,-0.0010180940339847,0.0144364367339032,0.0034173101910188
2012-05-07,0.0019275307061804,0.0025798981879316,0.006005210099685,0.0214094353524942,0.0002547343065782,-0.0027503379301343,0.0102352255140986
2012-05-08,0.003376699159803,0.0061459433332907,0.0098855640398279,0.0092797613614306,0.0005107699179314,-0.0016759094936415,0.0087531561713769
2012-05-09,0.006461284745175,0.0049495151120093,0.0062064052193189,0.0327578471057861,0.0002572908228556,0.0732648015796669,0.0032068466372796
2012-05-10,0.003667784177902,0.0025590761824341,0.0064102564102563,-0.0177890751984901,0.0007687059936589,0.0400717765436034,0.0058355762247016
2012-05-11,0.0028678101249448,0.0047290971126461,0.000509565802896,-0.0234069794244453,0.0020534351369265,0.0472350038015128,-0.00176370877377
2012-05-14,0.0043822652857244,0.0043357784534568,0.0012784258829007,0.0236818903717668,0.0046320201324915,0.0178971821696177,0.0062112209103091
2012-05-15,0.0019419700523111,-0.0003921658385033,0.0117587656372606,0.0440471092647067,-0.0069071490588315,0.0055340555151403,0.0051254346314092
2012-05-16,-0.0019654851906989,-0.0005886730737015,0.0022756044076874,0.0633333524068196,-0.0066889202129597,0.0060438845270226,0.0070175706294545
2012-05-17,-0.0081087981773611,-0.0054913234904321,-0.0125976320811343,-0.0207924947589067,-0.0051880873384605,-0.0377461984758949,-0.0133959718840613
2012-05-18,-0.0027380348456237,-0.0092447132040222,-0.009913558417279,-0.0313378384260337,0.0018220591581931,-0.0136363503361539,-0.0079114056696404
2012-05-21,-0.0034306534885736,-0.0017835940194373,-0.011285006988067,-0.0128152693859827,-0.0010354883360424,0.0161196756343527,0.0038896287246157
2012-05-22,0.0035572263955088,-0.0027700709757095,0.0007782774212172,-0.0577889116107615,0.0057009904077016,0.0125141817013223,-0.0014060075379485
2012-05-23,-0.0040101168300669,-0.0031834431507247,0.0007779766138091,-0.0052747621641054,-0.0069820702314704,0.0379388494950708,-0.0005294525128428
2012-05-24,0.0068662037503217,0.0017960517160579,0.0069749538659114,-0.0083406728854491,0.0083398411188983,0.0070691175872692,0.0037095757323531
2012-05-25,3.840755892394072e-05,0.0013944162103658,0.0035953571978215,-0.0118942928937905,-0.0020699049908478,0.0037776412428665,0.0005277758482819
2012-05-29,-0.0017758784207723,-0.0011872056233496,-0.0030619784661841,-0.0048161387748107,-0.0020655310431953,0.0042598466869568,0.0029736223384195
2012-05-30,-0.0060385471405989,-0.0133919285487284,-0.0118009002020185,-0.0026797439740051,0.0026102445976628,-0.0253506579015049,-0.0077179203589416
2012-05-31,-0.0046874361636477,-0.0133495118475905,-0.0041623270845004,-0.0233078692453063,-0.002606163067625,0.0,-0.0019479477239894
2012-06-01,-0.0088171581408637,-0.005773170707152,-0.0049881498017289,-0.0027932712858957,-0.0110555926582293,-0.0096208305353669,-0.0118152495560445
2012-06-04,0.0025513998847162,0.0008294711700027,0.00105822529986,0.0133887773578166,0.0048038510624955,-0.0136752012280065,0.001085801214504
2012-06-05,0.0023591856973923,0.0043741492712306,0.0015897603583832,0.0317241624854076,0.0018651664561959,0.0127980981105046,0.0010885590430644
2012-06-06,0.0050635450044857,0.0006205788002104,0.0021136548026384,0.0017809847354356,0.007694373204934,0.0165619077320381,0.0081300953088525
2012-06-07,-0.0042252583264872,-0.0041151636732805,-0.0028848834846623,-0.0130833467255324,-0.0039163894039062,-0.013888888888889,-0.0059086486190383
2012-06-08,0.0025536117577605,0.0053752768652445,0.002624732095102,0.0333185247611725,0.0002616305610837,0.0231900362180469,0.007947951984428
2012-06-11,-0.0079412393802482,-0.0081765684005189,-0.0096655941401145,-0.066864154880266,-0.0072878394753077,-0.0043859607845351,-0.0049884658590035
2012-06-12,0.0018063206200369,-0.0032955684845815,0.0007913157324615,-0.010791356726084,0.0026116080368267,0.0170610602443987,0.0053638339964889
2012-06-13,0.0018683316303544,0.0010345382819419,0.0010528322996298,0.0145388319625868,0.0023468098088352,0.0114068980750593,0.0007113803281698
2012-06-14,0.0042680161644167,0.0142444768985974,-0.0007869564569106,0.0689195713732155,0.0038890725192053,0.0123457573776667,0.0046115345265615
2012-06-15,-0.0021652906379494,0.0022385146869729,0.0060162057282325,0.0463658595756428,-0.0079589567963751,-0.0052798510374859,0.0169013925592851
2012-06-18,0.0068215098067272,0.0034532192814003,0.0057247259681518,0.0172829710482406,0.0069749538659115,0.0186071446787354,0.0089918143974043
2012-06-19,0.0014389536895165,-0.0008058202260105,0.0041407828659275,-0.0094824091735407,-0.0007686082560881,0.0264797623479283,0.0083918767526767
2012-06-20,0.0003102253156574,-0.0014138496707193,-0.0020618045858363,-0.0003978639819778,0.0020544898273266,0.0045592782994641,-0.0067670702376688
2012-06-21,-0.0089106291901823,-0.0177097459798471,-0.0126125581213581,-0.00912334591785,-0.0074188005729167,-0.0408677839765006,-0.0191947897727231
2012-06-22,-7.03223547420395e-05,0.0018412469439692,-0.001039524844158,0.0351372747916994,-0.000514547422518,0.0109545687864834,0.0010378404630423
2012-06-25,-1.121887441073111e-05,-0.000615233394781,0.0031323134320853,0.0169424869737778,-0.001034952495424,0.0010508959376481,-0.0053791665373146
2012-06-26,-0.0166992138551361,-0.0049301905703001,-0.0103760757223853,0.0334645824502144,-0.0220150809474597,-0.0005252220798834,-0.0031250053809752
2012-06-27,-0.0024444714205083,0.0057827881987349,-0.005561416679219,-0.0049523489815848,-0.0079554294442842,-0.0120418606095666,0.0298013079930537
2012-06-28,0.0073633417198117,0.0063811763464278,0.0037174559271288,0.006982094376762,0.0109949004383474,0.0080299580342464,0.0064758191230228
2012-06-29,0.0112362853341059,0.0010146723416484,0.0091647630637403,0.0150943252275576,0.0136483065246545,0.0228690508987487,0.0145534085705491
2012-07-02,0.0130694353905022,0.0058991236051153,0.0148398775602344,0.0429629573115596,0.0146138146594673,0.0284552569745184,0.0042841018637962
2012-07-03,0.0072033349637429,0.0008080993035827,0.0005128322503505,0.0348630210230392,0.0092664253408234,0.0083784209598144,0.0141377078705799
2012-07-05,-0.0006493579042879,-0.0012108488298193,0.0002562679104095,0.0024246516380107,-0.0028075704312084,0.0102689035030859,0.0050521114001006
2012-07-06,-0.0012062765744712,-0.0038532232024873,0.0010329829434172,-0.0181184823672601,-0.001792565843581,-0.0063570202085678,-0.0018021069577602
2012-07-09,-0.0027965299005348,-0.009568351307532,-0.0087628907029239,0.0142857006617956,0.002826326195445,0.0063850273511537,-0.0111456566003299
2012-07-10,0.0034104454205594,0.0059560674410917,0.0038961435293223,-0.0052539272342801,0.002798997773207,-0.0024355159638014,0.0044561884318157
2012-07-11,0.0035904216710911,0.0097959090252312,0.0087651493829119,0.0179894258207905,-0.0007614871277209,-0.0136585700802687,-0.0022955107475451
2012-07-12,0.0001311928401603,-0.0042561630284399,-0.0025693339883269,0.0,0.0020497523329959,0.0119760359358172,0.0
2012-07-13,0.0102609400025211,0.0058931298704057,0.0023106585577664,-0.006608714228091,0.016380839381814,0.0206692954036277,0.0054482719616536
2012-07-16,-0.0101442243461112,-0.0212551218486856,-0.0058974241599056,-0.0260471585741867,-0.0085169427225854,-0.0192956887295291,-0.0037947457502096
2012-07-17,-0.0004195136831666,-0.001650805156186,-0.0015420553463459,-0.0173144800115923,0.0012578424417746,-0.0152408782505804,-0.000825677850461
2012-07-18,0.0043287192485651,-0.0070247963196052,0.0064499486797219,-0.0021590993635948,0.005534621904481,0.0174476765098599,0.0064462709032798
2012-07-19,0.0022259850181624,-0.0006236752650421,-0.0007690023221639,-0.0232891301355753,0.0027438416047116,0.0244140630456967,0.00541519262375
2012-07-20,0.0016575881239424,-0.0056355762601457,-0.0035971067891812,0.0207561668937151,0.0029969762522713,0.0047937905654456,-0.0050661475004256
2012-07-23,-0.0100378944910166,-0.0065317649509852,-0.0106162573472681,-0.0180811721114667,-0.0103509174727191,-0.0053088178884267,-0.0099255960503844
2012-07-24,-0.0080801879233722,-0.0129401913077986,-0.0078513280358193,-0.057879055439387,-0.0073772807274534,-0.0226943184032719,0.0011709551062829
2012-07-25,-0.0058063462760678,-0.0008593107665509,-0.0015781528818671,-0.0070477799030285,-0.0089308110840953,-0.0048995777666508,-0.0060000101725259
2012-07-26,-0.0021258570385546,-0.0078756691249459,-0.0013076111287403,0.0023256346924546,-0.00152123632563,0.0014562513952116,0.0064751683980164
2012-07-27,0.0070637159203724,0.0087644262101512,0.005744157312939,0.0537094799873207,-0.0100452418117645,0.1662941070091606,0.0087256958289607
2012-07-30,0.0007887688432138,-0.0010537246840172,0.0078044501164307,-0.0326530999333171,-0.0020212690084292,0.0284724808632166,0.0031055675998898
2012-07-31,0.0066348612442776,0.0065414935067234,0.0002585199427626,-0.0544061323961552,0.0078679580352333,0.06037737288565,-0.009437000081309
2012-08-01,-0.0085473654940293,0.0008373647716983,-0.0092807579751166,-0.0755767567485548,-0.0103015039012948,-0.0227272511760061,-0.0083592580816904
2012-08-02,0.0056341233890974,0.0289281875487804,0.0013168089400346,-0.0358067261768209,-0.0020502775529507,0.0091810504664983,-0.0038155200214655
2012-08-03,0.0118379374805269,0.0098274740828583,0.005744157312939,0.0792420416450941,0.0140174605231357,-0.0061085187481132,0.0107835420522336
2012-08-06,-0.0080973178227257,-0.0039785311541321,-0.0020740994812129,-0.0270377859041703,-0.0107213068126366,0.0169674837692898,-0.006311198458662
2012-08-07,0.0011460994099881,0.0009960007231207,-0.003120097107158,-0.006459420446315,0.0022069680059328,0.0138052881291481,-0.0026684431263366
2012-08-08,0.0045292908708487,0.0077580940142642,-0.0005204748573511,0.023993499346351,0.0061199512689914,0.0014084829600223,0.0090557955921089
2012-08-09,0.0005670045724065,0.002568176034341,0.0026020940236013,0.0,0.0,-0.0238596598307292,-0.002992523700907
2012-08-10,0.0039266216832102,0.0077090213178915,0.0036372923757692,0.0035573183913799,0.0029411503462913,0.0122921241671555,0.0063566590142996
2012-08-13,-0.0004503330064896,-0.0052972425210382,-0.0002596292383531,-0.0058869553071079,0.0009765848735703,0.0021528333023197,0.0004999796549479
2012-08-14,-0.0029852703708338,-0.000786570344745,-0.0028549341769165,-0.0176124801967935,-0.0031683465095193,0.0064285823277066,-0.0086221264454151
2012-08-15,-0.0023879181112308,0.0039393492443601,0.000521696898282,0.0456349041156192,-0.0046465793481299,0.0032085616768565,-0.0001672519527831
2012-08-16,0.004491325729026,0.0051131198433132,0.004174271843694,0.022373842490041,0.004442258221675,0.016755837200956,0.0035217018398634
2012-08-17,-0.0030510079279912,-0.0021480299222446,0.0023431437892587,0.0338542330049235,-0.0058910571570656,0.009793658102522,0.0028356658345598
2012-08-20,0.0095708549997888,0.0050861138822969,0.0098881359640286,0.04530745246597,0.0114115373059114,-0.0117810168190341,0.0036574796413132
2012-08-21,0.0048374173559711,-0.0021359341815837,-0.0043813961929909,-0.0426997809701783,0.0098256333793798,-0.0254178119668997,-0.0018209006891144
2012-08-22,-0.0032267631383506,-0.0033177591349306,-0.0023346343545804,0.0039398499301925,-0.0041282657208046,0.0176322329965948,0.002656480966763
2012-08-23,0.0057061375387358,0.0005867157964051,-0.0051906814061371,-0.0167557692027854,0.0085511476059487,-0.0116772795836283,0.0028183352868481
2012-08-24,0.0179021702676043,0.0062548806837107,0.019587359155582,0.0329352798552706,0.0187348050206987,0.0129403527785999,0.0112545568650031
2012-08-27,0.0022673899586311,0.0003873805413502,0.0102538206380315,0.0080644999489724,-0.0026290776756785,0.0,0.003269589160148
2012-08-28,0.0020670945941706,0.0027173794333175,0.0017779958527641,0.002775847486231,0.0021546600814357,0.001066122505196,0.0008156482493123
2012-08-29,-0.003049634402819,-0.0063768469769022,0.0005057005853222,-0.001033437338474,-0.0047767080974812,-0.0053210221954075,0.0003258464877098
2012-08-30,-0.0036781879943463,-0.0074597028594878,-0.0048064415020548,0.0056238960675365,-0.0021718184259275,-0.0085929025598216,-0.005221927238881
2012-08-31,-0.0043720991536662,-0.0025600089906064,-0.0035469821464054,-0.010719206954515,-0.0055103820719837,0.0017959495972164,0.0022838399900632
2012-09-04,0.0097224412307253,-0.003148983331778,0.0045977087652677,0.010900121663892,0.0130750829419574,-0.012991653370521,0.0123477196693911
2012-09-05,-0.0048855682349806,-0.0081027640271923,-0.0078879787433027,-0.0403726740778153,-0.0043010827177711,0.0168436836622769,0.0001603163380081
2012-09-06,0.0094343822811615,0.0029851049926149,0.0025496805458615,0.0374955588531402,0.0126855579099913,0.0010714530944824,0.0089101254874587
2012-09-07,-0.0182906255041486,0.0009932307689509,-0.0022883332925967,-0.0044142976145124,-0.0208128910613444,0.0021367331234117,-0.0134669684016907
2012-09-10,-0.0034555921072009,0.0039944230908418,-0.0007629394590462,-0.0125892800125435,-0.0039633354383307,-0.0060866478494969,-0.0140889403699169
2012-09-11,-0.007438732147248,0.0007938264737421,-0.0017784475035248,0.0123839220547243,-0.009957623336186,-0.0032374156495627,-0.0014265359386624
2012-09-12,-0.0047447282297673,-0.0023767625785841,-0.001524425110787,-0.0043919279202652,-0.0055275731211824,0.0061527354852525,-0.0103174845377604
2012-09-13,0.0123886190957989,0.0119474006279742,0.0040712430157307,0.0023785149200935,0.0151784039298428,0.0043180614584907,0.0157454935059131
2012-09-14,-0.0029711571817285,-0.0110345098185421,-0.0091719900726514,-0.0060606161801985,0.0,-0.0057245024345138,-0.0100581389109724
2012-09-17,0.0049482859932678,0.0051782939846911,0.0041237074886144,0.0044428967788688,0.0055724727267982,-0.0148389381058791,-0.000952402750651
2012-09-18,0.0186772358425877,-0.0045517424855067,0.0089836318542893,0.0068259647831826,0.0235443115234375,0.0173688555055095,0.0095237853035095
2012-09-19,0.0087462037495376,0.010112994615248,0.0106061111067226,0.007414874040741,0.0083950654959972,-0.0130766655057218,-0.0039345293735887
2012-09-20,0.0199359102162337,0.0070713143082019,0.0089819555690579,0.0020256402512625,0.0233701577510985,0.002223920471054,0.0026898444128659
2012-09-21,-6.614537980260328e-05,0.0023377932515903,-0.0037083194820689,-0.0269102809194991,0.000478938184089,-0.014630563873366,-0.005980501457978
2012-09-24,0.0016594344006482,0.0048562548994371,0.0002485907814456,0.031111105894431,0.0012024828008353,0.0109022181962348,0.0052223743982674
2012-09-25,-0.0035585815574099,-0.0026922959547777,-0.0039731771937753,-0.0029703021403977,-0.003373479268637,-0.0218518575032552,-0.0066058819054238
2012-09-26,-0.0054219242429539,-0.0040454456769397,-0.0027458963200361,-0.0092622819562292,-0.0060211945386251,-0.0068363200036971,-0.0071045273422067
2012-09-27,0.0003354728265668,-0.0009671032170735,-0.0017517441548545,0.0190254212146577,0.0009718395450833,0.0178979173365568,-0.0008090491533625
2012-09-28,0.0029222377396013,0.0031067931536331,0.0007533596063982,-0.0158206835801676,0.0033972189458551,-0.0161775886535,0.0045337208808912
2012-10-01,0.0283220776702579,0.0085453216617974,0.0045237572514239,-0.0019900320630687,0.0350535190487847,0.0183136767017027,0.006923205618261
2012-10-02,-0.0119286878179835,-0.0034562269363909,0.0012477972907747,-0.0065854711034806,-0.0144264548315079,0.0097232696749183,0.0044671151552905
2012-10-03,-0.011020998170693,-0.0042282800531873,-1.199887750297827e-16,-0.0260639730154527,-0.0124201695414969,0.0066716200233435,-0.001431300112263
2012-10-04,0.0056740515871563,0.0011578806183783,0.0019880221923604,0.0073974214878153,0.0068173168635689,-0.0007322794143578,-0.0030207064673611
2012-10-05,-0.0128263120007311,-0.0038351056009114,-0.0037313811699525,0.0188866696176429,-0.0155752401436325,0.007301963030165,-0.006817826339883
2012-10-08,-0.0088483466540345,0.0001928308547606,-0.0010036914017965,0.0072226272920432,-0.0107720337630152,-0.0010945161186618,0.0017571982912592
2012-10-09,-0.007063474255953,-0.0065484659068032,-0.0067873420324032,-0.0215474980573128,-0.0068965020678982,-0.0232727050781248,-0.0092488921196785
2012-10-10,-0.0088317064364537,-0.0057993280439834,-0.0005049657534577,0.0426381998593822,-0.0101707475358447,-0.009694266660712,-0.0037036964233126
2012-10-11,-0.0032035557888481,-0.0030911872604436,-0.0065391934735669,-0.0328593687429248,-0.0021977826966723,-0.0134629997544126,-0.001931727848488
2012-10-12,-0.0059976612091437,-0.0005795745801715,-0.0103535318992511,-0.0082426640497482,-0.0051170063550401,-0.0045471365918953,-0.0061152409373621
2012-10-15,-0.0062878325878628,-0.0017377901331702,0.0020397249838736,-0.0215018070914,-0.0094614349786367,-0.0041745961578398,0.0004853385961876
2012-10-16,-0.0070380601002551,0.0050183036989309,0.004300581555586,0.0230692255960448,-0.0105607799653092,0.0053191258081955,0.0019352160914404
2012-10-17,0.012847525097958,0.0134227598803584,0.0047642583154514,0.0113821262266577,0.0151627157370647,-0.0026494963899345,0.0049663790833822
2012-10-18,0.0006454325380419,-0.0058701262115058,0.0104789957524375,-0.0584436392015641,-0.0029090881347654,-0.0015238444010414,0.0030326994745642
2012-10-19,-0.0137512518033441,-0.0078095209030878,-0.0125925511489678,-0.0537560767981887,-0.0142335545648944,0.0030721935826951,-0.0175327105417641
2012-10-22,-0.0006797592971514,-0.0003844024261564,-0.0020050583457447,0.0172035587830612,-0.0007402093791575,0.0122511364679423,0.0030894085643737
2012-10-23,-0.002790736176759,-0.0019323376641756,-0.0015174853794061,0.0050927388437276,-0.0033619779995853,-0.0121534255887372,0.0014681917407508
2012-10-24,-0.0054692192653212,-0.0038446897573912,0.0010116569196038,0.0222620798345584,-0.0085949006079635,-0.0161042974510202,0.0038948666443841
2012-10-25,-0.0037823853189184,0.0097983120788854,0.0032680008070513,-0.0097188054317,-0.0078711015524443,0.0011578806183785,-0.0001614549815543
2012-10-26,0.0046863720288161,0.0051301624982721,-0.0025031861554087,0.0059440585323939,0.0064320875645489,-0.0081143389212704,-0.0072627625821289
2012-10-31,-0.0046136898396215,-0.0111510140670837,0.0067822267884878,-0.0041796912473489,-0.0074766640351197,-0.0089320210577214,-0.004362586208214
2012-11-01,0.0045849160133988,0.0147951206607819,0.0002489951876124,-0.0003477131016082,0.004497711038687,0.0238561054998775,-0.0069771263625412
2012-11-02,-0.0157017944650226,0.0024271331233161,-0.0119136145775399,-0.0490162274749987,-0.0194029315379963,0.0011389782259572,-0.0001626628062683
2012-11-05,0.0067389483126075,0.0078402461458882,0.0017632164604279,-0.0146167507509376,0.0080152319983786,0.0159090940288934,0.0017965149628278
2012-11-06,0.0148078222512828,0.0144497737293714,-0.0002512468195285,0.0681736476970459,0.0180630017327406,0.0300778618041559,0.0099478247453912
2012-11-07,-0.0003471424296695,-0.0034958349961952,0.0,0.0178265497567231,0.0,0.0110803882088602,0.0
2012-11-08,0.0114376760145333,0.027176998448714,-0.0090747873020098,-0.013795419141476,0.0120155574596184,0.0106565646035173,0.0076571749401615
2012-11-09,0.0010591265084346,-0.0014936861277714,0.0035686819087956,0.0236220662678626,0.0007692483755257,0.0136986167150359,0.0040485829959513
2012-11-12,-0.0029571394774998,0.0031775358681366,-0.0045708557718022,-0.0033489745286559,-0.0046012591865204,0.0084402428398602,0.0067741640152469
2012-11-13,0.0004433757899959,0.0048543374695067,0.0043389016748642,0.0108144539768186,-0.0038699837801556,0.0426356951234175,0.0160771702208051
2012-11-14,-0.0122950437998017,-0.0026012521449699,0.0129606647015722,-0.0300902582120253,-0.0236801477069722,-0.0382383340466083,-0.0071225191637518
2012-11-15,0.0036366722021051,0.0054104649959523,0.0020105055168823,-0.0277872890752108,0.0031961614666969,-0.0070771677749336,0.0130906721394338
2012-11-16,0.0123537343215949,0.0016641334105678,-0.0030067384701469,0.0166725542550687,0.0179211009419615,0.0131766680996687,0.0007873895600083
2012-11-19,0.0049108173331693,0.0071757721305439,0.0130195412028865,0.0107304042866158,0.0003873055383436,0.0086896070914915,0.0123882247947184
2012-11-20,-0.0098107127541295,0.0029271834588138,0.0027287718160977,0.0127410096494498,-0.0180699465289738,-0.0189654909331225,0.0152103577881696
2012-11-21,-0.0080759371108336,0.0043787239145458,0.0007419930514578,0.0030821969259027,-0.0116685821759415,0.017543859649123,-0.0030473404938589
2012-11-23,0.007085491122032,0.0005431609550155,0.0066666779694733,-0.0020394108017264,0.0078678506034296,-0.000685886758173,0.0134372409759892
2012-11-26,-0.0010002553005031,0.0019898808390125,-0.0049200677843055,0.0217983438809192,0.0003921658385033,0.0130719323049354,-0.0124374289553863
2012-11-27,-0.0044627343118767,0.0010832528245563,0.0029629365897473,0.0193679812746714,-0.0109588566597972,0.069609479930483,-0.0068965049539035
2012-11-28,0.0128991356525832,0.0070409711851581,0.0012316023063321,0.027108480456538,0.019872814110984,1.3199886906023615e-16,-0.0027803569835536
2012-11-29,0.0014893399613631,0.0050614385546186,0.0051736655255784,-0.0090351948600677,0.00038805699279,-0.0081992535174972,0.0010847620664558
2012-11-30,0.0044485934198183,-0.0016201647853101,0.0041646738097384,0.0038884941513746,0.0070011789803795,0.0069841051858569,-0.0010830836732013
2012-12-03,-0.0118765705118007,-0.0055785743205588,-0.0134048075414047,0.0025806427001951,-0.0134512058152286,-0.0134754091893439,-0.0035439653547909
2012-12-04,0.0014443249116475,0.0032697603573189,0.001232115199716,0.0,0.0015558505232115,-0.0092063782707092,-0.0001548095912932
2012-12-05,-0.0042223430614582,0.0079696150824607,0.0063898290736193,-0.0077021749773242,-0.0085569553165547,-0.0015969095468983,-0.0054196107803885
2012-12-06,-0.0023572057992556,0.0023377282267288,-0.0073117047522778,-0.0262391108283212,-0.0011741205554855,-0.0057581671099759,-0.0026455927900441
2012-12-07,-0.0013374961958268,0.0041262923450033,0.0026940188763507,0.0052857563591834,-0.0031176899525242,-0.0150256141427705,-0.0006226792786039
2012-12-10,0.0090030995506882,0.0033965399726612,0.0014655929483072,0.0062111975518098,0.0124902296776737,0.0153644756786551,0.0012475701533625
2012-12-11,0.0059642757813737,0.0090827837519852,0.0082825860878684,0.0299806670358388,0.0042274673738566,0.0369418454716704,0.0023339277067645
2012-12-12,-0.0017858126284155,-0.0026431986939013,-0.0036206016117303,0.0072577954673476,-0.0011507011756058,-0.0375731806232655,0.0043417396274123
2012-12-13,0.0031749791521315,0.0014117140222272,0.0038712760784805,-0.0162196018555657,0.0038461685180664,-0.0227564414890865,-0.0029289723040173
2012-12-14,-0.0007275967233728,0.0033610904919359,0.0012077109955973,0.0114176560470361,-0.0022988300791359,0.0069124752344459,-0.0024776038645515
2012-12-17,0.0040054470496859,0.001938336746283,0.0055421576442488,-0.0087527567567632,0.0015378319041416,0.0084745836471837,0.0207302595906234
2012-12-18,-0.0039965971377389,-0.006669025468025,0.0031220237757146,0.0241531488513937,-0.0053784592125996,0.009366954912889,-0.0113498786201234
2012-12-19,-0.0030503638042882,-0.011443621829444,-0.0124431789033644,-0.0287023063834386,0.0023184457201209,0.0050680978447504,-0.0116350603150827
2012-12-20,0.0041817815817524,0.0069394908248046,0.0024113448559817,-0.0109580580969784,0.0046242361601833,0.0047170292288588,0.0027855199245606
2012-12-21,-0.0030849921828696,-0.006191375936298,-0.0101156546004817,-0.0132533944214537,0.0003883584031781,-0.0663730905814778,-0.0106547624868008
2012-12-24,-0.0005943318068808,-0.00213293521978,-0.0007311425832167,-0.0015974197533316,-0.0007785308426582,-0.0064297337263784,0.003279698398816
2012-12-26,-0.0239990375927217,-0.005350441210868,-0.0068325715574567,-0.0412536263716959,-0.0085904418375609,-0.1080797529239673,-0.0130638246876753
2012-12-27,0.0031801103293477,-0.0005379017222636,-0.0029483766495167,-0.0225838688605671,0.0055512014595074,0.0054815733997614,-0.0036311894803006
2012-12-28,-0.0006204618595566,-0.004677069991357,-0.0084158450432258,0.0167121342502831,0.0031771216336961,-0.0035294177485448,-0.0034998603017337
2012-12-31,0.0158628938505968,0.0123255451829713,0.0143036315345001,0.0153640306034529,0.0163737952244989,0.0389763695270263,0.0146941089279145
2013-01-02,0.0254846662409741,0.0102964316972145,0.0102689035030859,0.0089457090565667,0.0321207398918272,-0.0341659963735148,0.0143057974384404
2013-01-03,-0.0015978671660598,-0.0073761534786605,-0.0024130906716933,0.0028346504752091,-0.0022472423811426,0.0389164629299028,-0.0007684510334981
2013-01-04,0.0037136708838701,0.0024778653035122,0.0079633649129031,-0.0106051792068786,0.001498090151152,0.005488460261581,0.0061681038595325
2013-01-07,0.0005804001157556,0.0,0.0,-0.0617088841582081,0.001502592295931,0.0054744387087082,-0.0051971315714896
2013-01-08,0.0049022640203359,0.0047719447566048,0.0019422635038113,0.0362711760957362,0.0060331766459402,0.0126126263592694,0.0010774156304296
2013-01-09,0.0065802420222366,0.000878170933681,-0.0009692492145302,0.0058498635845929,0.0097050508640524,-0.0177179309768226,0.0070758201716208
2013-01-10,0.0048635837272722,0.0038535859189895,0.0075078118605025,-0.0171023133449472,0.0066347331641679,0.0053859826382653,-0.0128204575843719
2013-01-11,-0.0021868925686937,-0.0066202274915258,-0.0090266584881942,0.0094770916524016,0.0025594037969972,-0.010357175554548,0.0033924630050826
2013-01-14,0.0025217294431518,0.0038488667125684,0.0058982965487066,-0.011074923261837,0.0007283488139292,0.0093896794462697,0.0033804734866823
2013-01-15,0.0030172009484789,-0.0015731542392617,-0.0012233726050218,0.0006616095953203,0.0047135301351057,-0.0032397462333815,0.0058471287167766
2013-01-16,0.0033727334897729,0.0126065179034066,0.0002448768328391,-0.0072727045737022,0.002522511525197,0.0028943533094293,0.0039889864224169
2013-01-17,0.0077361757060025,0.0085559256129376,0.0053750603240358,0.0072703011133657,0.0079022741432723,0.0075512763701583,0.0100564328771933
2013-01-18,0.0042748315079727,0.0088387922840512,0.0043700002713538,0.0144879359417262,0.0039328070451198,-0.0075512077851648,0.0045215231146512
2013-01-22,-0.0045556736987055,0.0024117035570787,0.0024160978568017,0.007152123267799,-0.0061305473891197,-0.0417877761410373,-0.0004509060551226
2013-01-23,0.0080650598927235,0.0022397872392725,0.0004819629370317,0.0128824971242341,0.0105454878373579,0.0045402546537716,0.0001501127449846
2013-01-24,-0.0033538793687805,0.0058369124907791,0.0062741830320159,0.0063512468845074,-0.0035803931391721,0.0473862437627405,-0.0093710317847414
2013-01-25,-0.0024006100548462,0.0040955918893545,-0.0026278215181,-0.0329010090302485,-0.0017965949406259,0.0010776108649809,-0.0072208081698183
2013-01-28,-0.0034285798451085,-0.0052793148304928,0.0009592545514507,0.0206219667380866,-0.0025107495312526,-0.0254937516012997,-0.0076175237421621
2013-01-29,0.0089564874955516,0.0061580673279067,0.0074412235820081,-0.0131283974838876,0.0105301016172155,-0.0427255935068371,0.0142622775718813
2013-01-30,-0.0030451029411004,-0.0013608067666071,0.001906621372742,-0.0141354472089852,-0.0035932584169554,-0.0880092573112952,0.0090644445509228
2013-01-31,0.0025024361878047,-0.0025575707071843,-0.0023787413568162,0.0006669042319545,0.0050633381167659,0.0293747698355255,-0.00032067433231
2013-02-01,0.0041265944897746,-0.003398418919758,-0.0042543204758534,0.0111878959992246,0.007857118334089,-0.0004065133628766,0.0065110344523433
2013-02-04,-0.0048126765459706,-0.005307333917152,-0.0052418683417763,0.0,-0.0046412376670095,-0.010677627302203,-0.0030173485425275
2013-02-05,-0.0003689334011985,-0.0059472979302624,0.0045303397145378,-0.0045841942632649,0.0,-0.0191188318654703,0.0009475896017088
2013-02-06,0.0043052076712706,0.0064835533894896,0.0085714431036086,0.0119166044773763,0.0035842431124375,0.0242656322000075,-0.0060193420194185
2013-02-07,0.0101122892629599,0.0037427904945894,0.0037816081829085,0.0615384980381467,0.0144718355539733,-0.0352697248139167,-0.0001578121814755
2013-02-08,-0.0006385550108158,-0.0003393934780263,0.0035335149231044,0.0009478890049635,-0.0014388132833252,-0.0042992424972362,-0.0004712343601755
2013-02-11,0.0017008163534249,0.0023736756652258,0.0018783286234048,-0.0015837579203,0.00072125705351,0.0375648033232003,0.0039252630772574
2013-02-12,0.0011436835088796,0.0016905912348514,0.0084487351606398,0.0003165631159712,-0.000722038166527,0.0033277837212718,0.0
2013-02-13,3.364836275248755e-06,-0.0008425890955843,0.0,0.0003150670747936,0.0003604985207046,0.005806693741365,-0.0063566459241763
2013-02-14,0.0027252712992199,0.0037062199872141,0.0256944581191722,-0.0031675762570921,-0.0044960972960742,-0.0037344461063615,0.002178978827213
2013-02-15,-0.0029387043309546,0.0003347356947893,0.0,-0.0021998647233049,-0.0044709701397608,0.0045567776774151,0.0038795777549406
2013-02-19,0.0095986167106955,0.0085527136072098,0.017013704217226,0.0034536484045672,0.0078504330643983,0.000825101400682,0.0020037744808265
2013-02-20,-0.0004936232251291,-0.0036672981254824,0.0017625431180977,-0.0209375023841859,-0.0014776139131747,0.0074441812615382,0.0063194155281468
2013-02-21,-0.0042366392000396,0.0006707546556033,-0.0013218232958917,0.0159744412839466,-0.0062986320020594,-0.0266502515291634,0.0041486883139202
2013-02-22,-0.0016155030155466,0.0051925888548094,0.0075004704204027,0.0,-0.0044625858909823,-0.0159529456605815,0.0096080106199498
2013-02-25,-0.0109660063390141,-0.0171495599474325,-0.0069961411844926,-0.0296875238418579,-0.011198250621757,-0.0199405735867572,-0.0135705900184005
2013-02-26,0.0135905590959567,0.0111317226719634,0.009655445022067,0.0128410794038122,0.015831137030666,-0.0172711408102607,0.0147775933839525
2013-02-27,0.0205316210007207,0.0081666946411132,0.0060869299847146,-0.0173995929702406,0.0264333234675739,-0.0008802179145879,0.0118743563809168
2013-02-28,0.0028588638315754,0.0053173760917493,-0.0006482018169432,-0.0110175031063945,0.0036310265358311,0.0243040726825441,-0.0005942789626833
2013-03-01,0.0238303317133135,0.004476876995782,0.003678021732054,0.0256239759505229,0.0322939463488469,0.0346020418694356,0.0184660883930382
2013-03-04,0.0171432439913847,0.0095914999941963,0.0019413319974761,-0.0281229762098487,0.0209386248278394,0.0008357901173679,0.0142124720982142
2013-03-05,0.0044195496698178,0.0052373110117138,-0.0002150176673806,-0.0073260478079496,0.0052891260684781,0.0008322326193754,0.0076401723844962
2013-03-06,-0.0004382898482206,0.0001628125966135,-0.0025778503512676,0.0308414374336897,0.0007017704478479,0.004971037376449,-0.0032857622419085
2013-03-07,-0.0024225181712647,0.0022827227371375,0.0002152491145097,0.0003261653271886,-0.0041855890796673,0.002877093918772,0.0027158725542124
2013-03-08,0.0012291961773487,-0.0027556844339385,-0.0040842352716975,0.0461638512915433,-0.001397655987225,0.0431621465566464,-0.0034072328910507
2013-03-11,-0.0037582620115799,0.0021138385059387,-0.0078159053325671,0.0348475094322961,-0.0038542609258192,0.0335220061289249,0.002142878941127
2013-03-12,-0.0021283379240647,0.0034135091500338,0.0155838249137736,-0.0189302066263861,-0.0098280340082474,-0.0025284225495068,0.0055746054138384
2013-03-13,0.004471551809968,0.0055141121217852,0.003454228162052,0.0180042766050102,0.0060070699956529,-0.015234816580131,-0.0001421767796362
2013-03-14,0.0013933008775509,0.0045197542509857,-0.0015057755860203,0.0068862135248143,0.0010526556717722,0.0175664029448024,0.0070911925237779
2013-03-15,-0.0007000478402741,0.002740641415252,0.0006492662754503,-0.0578463040210824,-0.001406007537949,0.0084423322533613,0.000565703804911
2013-03-18,0.0036786502228059,0.0048402587814817,0.0076120550740078,-0.0139196623081849,0.0017692581972966,0.0063479276854126,0.0028408656805025
2013-03-19,0.0014174394189954,0.0011217899537261,0.0008623781782873,0.0201987544078006,0.0017673819527201,-0.011759713799968,0.0036749418548476
2013-03-20,0.0114626230463068,0.0086110815406001,0.0223319931789247,0.0115156837716989,0.0034977398018891,-0.0144128931915498,0.0043417024085272
2013-03-21,0.0009740328461919,-0.0047627090611805,0.0065194821927441,-0.0021604843064068,-0.0006998060817724,-0.0355285830820986,-0.0055819356047619
2013-03-22,0.0130629252509249,0.0089129005614156,0.0043805361949452,-0.0165812260301983,0.01398362386356,0.0268215669026167,0.0146170188787568
2013-03-25,-0.0025280063880796,-0.0022047147976132,-0.0018683068572056,0.0109654820461742,-0.0023372821499044,-0.0156522004500679,-0.0082884166208031
2013-03-26,0.0095175741500343,0.0078740157480316,0.0091305759274789,-0.0080597151571245,0.0103402727826691,-0.0092755781861313,0.0063934222846193
2013-03-27,0.0121394225977167,0.0123804589222395,0.0043227475619076,0.0060495142145929,0.0147108169943933,0.00494384765625,0.0086075629194683
2013-03-28,0.0056858970081183,-0.0038651824183742,0.0069430292855322,-0.0107849190782512,0.0059132819322519,0.0232143065455012,0.0078103544615699
2013-04-01,0.0055313417125746,-0.0024964275527701,0.0089119234233321,-0.0274592596310172,0.0085470160496301,-0.0284090752785016,-0.0068296681635398
2013-04-02,0.0033964076262707,0.0028076790432398,0.0,-0.0009176745352434,0.0042386423359381,0.0312360895897238,0.0027617313268929
2013-04-03,-0.0136766474830308,-0.0150621303993811,-0.0108606308930916,-0.0162377080026833,-0.0152795614387932,0.0116329370277441,-0.0120050052701459
2013-04-04,0.0027908601826935,0.0059720424601038,0.0138573320535094,0.0082923970017136,-0.0039473333352155,0.01065189634913,-0.0041678665985905
2013-04-05,0.0027944548277824,-0.0001571427492645,-0.00020509377504,0.0496564687650519,0.0050201315291822,-0.0008543553137136,-0.0032334561566148
2013-04-08,0.0014142367586125,0.0062923002642625,0.0074472612580721,-0.0062407990979856,0.0,-0.0042735206452968,0.0012673045837708
2013-04-09,-0.0005751346905447,-0.0015632685150864,-0.0020496472011036,-0.0166617483820735,0.0003319495768467,-0.0201716450104821,0.000564585975848
2013-04-10,0.0032899272448068,0.0090568679382083,0.0045072198282346,0.0462740676686972,0.001988712820373,0.01838879481121,0.0035092645633997
2013-04-11,-0.0043753932597003,-0.0066450364898701,0.0010162446399435,-0.0022936304072484,-0.0058958500205512,0.007758551375338,-0.0009814875928734
2013-04-12,0.0030105915314942,0.0114115321808499,0.0038649029149455,-0.0025921702022932,0.0003273844542719,-0.0008594953747412,0.0084364236635231
2013-04-15,-0.0123146023386877,-0.0124030889466751,-0.0022370713799163,-0.0446636002312273,-0.0159713091996123,-0.0150602575265379,-0.0128743098339223
2013-04-16,0.0138082059550579,0.0142121455483083,0.0121803148449577,0.0095636492402869,0.014238357184243,0.0264183891866798,0.01324693423808
2013-04-17,-0.013812826837719,-0.0024707173692303,-0.0040209239282361,-0.0179372877468847,-0.0187561601274126,0.0033927024582228,-0.0009792905922888
2013-04-18,0.0083345731537656,0.0035565697146413,0.0050393065294145,0.0018148081095429,0.0104061583220966,0.0088795346811233,0.0001399879168324
2013-04-19,0.0408175497104294,0.0147374745696606,0.0074044211095891,0.0066585169464226,0.0514267145254663,0.0050209556965999,0.0076655477596908
2013-04-22,0.0033723299727016,0.0034870127369019,0.0023842425495546,-0.0014930740296129,0.0041401614552414,-0.0058067728516341,-0.0012524904887377
2013-04-23,0.0076137554082016,0.0039245605468749,0.0029685638136285,-0.0065185546875,0.00950573984429,0.0149501915071499,0.0044574410188508
2013-04-24,-0.0191527586610342,-0.0150534396418192,-0.0264404132699074,0.0041667622233237,-0.0177958075725139,0.0106383070049251,-0.007898014539087
2013-04-25,0.000950148403745,0.0039670755660436,-0.00060701700543,-0.0152851396462871,0.0006317264011392,0.0286985043811582,-0.0006965183329171
2013-04-26,-0.0044218991828007,-0.0015198495270122,0.005261071344876,-0.0197309366923348,-0.006922631087153,0.0043221493008014,-0.0079420331821805
2013-04-29,0.0038077472693919,-0.0044092032983763,0.0102615354870076,-0.0051405555039034,0.0031726008888776,0.0027343630383259,0.0047685318841264
2013-04-30,-0.0005037730214477,-0.0064161041066214,0.0063872196521025,-0.0112256960607462,-0.0019041404476851,0.0178710565622241,0.0061538802993878
2013-05-01,0.0023318239931359,-0.0032397267118382,-0.00099106513983,-0.0519200819146195,0.0051118163358501,-0.0217723333911319,-0.0015299110989861
2013-05-02,-0.0053426676311262,-0.0238572113688661,0.0019861428371195,0.0151125179289236,-0.0012714243274867,0.0081458137656854,0.0119760568108897
2013-05-03,0.0016145469715444,-0.0009416411196099,0.0005918838983426,0.0369211620456231,0.0015782587303946,0.0163621912706288,0.009444448682997
2013-05-06,-0.01412320617835,-0.0042379604715687,-0.0189910800981543,0.0160411248368882,-0.0154867187285241,0.0011227802176818,-0.0045473588596174
2013-05-07,0.0130311881770175,0.0051911567191898,0.0207118196014072,-0.0017783452965655,0.011268525031802,0.015706809270342,0.0109206656831629
2013-05-08,-0.0073733077672131,0.0045362257804314,-0.0155726576514083,0.0141565480483515,-0.0077021749773242,0.0240206811292942,-0.0005477326604952
2013-05-09,-0.0116423097016536,-0.0056013196585895,-0.0079951573244325,0.0140257011114532,-0.0122738750647179,-0.0566787566400862,-0.0030116524505448
2013-05-10,-0.0007378391110685,0.0056311686005484,0.0046296203869461,0.0049795543843543,-0.0032541615020944,0.0245775486615601,0.004674236696046
2013-05-13,0.0080758565038665,0.0031142470327097,0.0044114943937259,-0.0017466538940009,0.0101572562677839,-0.0146837122549088,0.005596451279819
2013-05-14,0.0110785700664067,0.0130353244268482,0.0097726702120374,0.01255830810163,0.0110246482135432,0.0057295499152693,0.0143865031786554
2013-05-15,0.0091892962797565,0.0136901916690205,0.0081155946891743,0.0194202367810235,0.0096153599270708,0.0205089600110917,0.0014735513476638
2013-05-16,0.0004367226149616,0.001064634141813,-0.0078631358281971,0.0094259310732876,0.0019108110404871,0.0208178243079461,-0.0009385853191955
2013-05-17,0.0019361088734831,-0.0031880837363946,-0.000991851561434,0.0047712086401659,0.0028653343847536,0.0155683701941222,0.0044384914300912
2013-05-20,-0.0208887836352634,-0.009919144483248,-0.0255850287123694,-0.0025245483516335,-0.0219117351245733,0.0053476481268748,-0.0042849450122729
2013-05-21,0.0040449222392815,0.008477236051807,0.004681447938856,-0.0047658586395251,0.0029107423145477,0.0070745968288761,0.0001344612752554
2013-05-22,0.0164701222634441,-0.0038255547947564,-0.0054766827980131,-0.0415496795793423,0.026826112132494,-0.0181818339450297,-0.0039036332205338
2013-05-23,-0.003604742846724,0.0023241636775809,0.0010245745459475,-0.0097345668495845,-0.0063633713330417,0.0157819421557513,0.0008146307854816
2013-05-24,-0.000306403416716,-0.0020130826746116,0.0047179393279247,-0.0256869958814258,-0.0016128786148563,-0.0031779715239311,0.0040800089315692
2013-05-28,-0.0010852259138369,-0.0047669931479751,-0.0066747173447361,0.0248786322087769,0.001601061323794,-0.006648024302478,-0.0071409157987056
2013-05-29,-0.0218148300740271,-0.0159343872064116,-0.012300092028205,-0.0250074471203351,-0.0257400012556097,0.0113435523771067,-0.0209752241069753
2013-05-30,-0.0119717498498556,-0.0061572369546719,-0.0018777415400549,-0.0054894876532481,-0.0149750038940379,0.0125785706654988,-0.0108408452033426
2013-05-31,-0.0032411566132384,-0.0141404418345628,-0.0113397125775346,-0.0166205259350674,0.0030622713323222,0.0010423481091435,-0.0202808149461251
2013-06-03,0.0088119121550898,0.0106503119963084,0.0076368395208466,0.0881620550024706,0.0091618752648329,0.0045107935285155,0.0066627908223158
2013-06-04,-0.0039428136808125,0.0068668207044129,0.0071533802087112,-0.046812207995439,-0.0116978736823947,0.0079064813004433,0.0031769129343412
2013-06-05,-0.0050605904185923,-0.0173346077301611,-0.0123482663805245,-0.0342856959292763,0.0006790679082156,-0.0368600666152919,-0.0013057299707916
2013-06-06,-0.0017632836506631,0.0059997204081051,0.002962403921244,-0.0018679190718836,-0.0074550766400597,0.0088432966378443,0.0101448833078578
2013-06-07,0.0114977366113729,0.0157026044645469,0.0092359875533889,-0.0095679431694905,0.0108327584599368,0.0055652120838994,0.0154639445544865
2013-06-10,-0.0059638672352441,-0.0050481100789611,0.0018707160974036,0.0077784693449782,-0.0087131443549702,-0.0072413477404363,-0.0030986087422976
2013-06-11,-0.0012931168603935,0.0055865676870976,0.0045728791916869,-0.0081098604208755,-0.0046760619405404,0.0024569917650608,0.0053808728212823
2013-06-12,-0.0134291768082746,-0.00663923775038,-0.0174371576576027,-0.0217391536134719,-0.0156666437784831,-0.0100555101939318,-0.0013991670968676
2013-06-13,0.0155153136323961,0.0198476313715907,0.0117646993983174,0.0285261980235394,0.0166214307573559,0.0143207043932643,0.008670047527147
2013-06-14,0.0008180617902361,-0.0012438095683187,0.0059183860311703,-0.0222910009399746,-0.0003353530846471,-0.016632066508439,0.001108519233538
2013-06-17,0.0103835986938092,0.0015484433460175,0.0056542563955685,-0.0072100170842236,0.0143764729979758,-0.0261415122355847,0.0027548840473873
2013-06-18,0.0047250609128407,0.0054204502985174,0.001404488254613,0.0179076846854886,0.0056050140692903,-0.006060608945377,0.0089396442588831
2013-06-19,-0.0221813637228589,-0.0149598621343386,-0.0104627857098832,-0.0092364298426308,-0.0289378219395647,-0.0239627393019975,-0.0198694426669407
2013-06-20,-0.0250471223912378,-0.0140245729985552,-0.0133033466590093,-0.0344827627820714,-0.0297842848049671,-0.0533728187969283,-0.0222097558209968
2013-06-21,0.0067443464354321,0.0017421699622252,0.0012350258611023,0.0078023332032622,0.0080363219948279,0.0,0.0133333679632091
2013-06-24,0.0014667167532854,0.0019005215876583,-0.0006204504703954,0.0009803522523823,0.0017488365440257,0.0121425561145613,0.004939992683965
2013-06-25,-0.0082532295058703,-0.0050393652728223,-0.008004913380066,-0.0096555918895139,-0.0090027122260588,-0.0019178840677343,-0.0084981975581685
2013-06-26,0.000818744878508,-0.002355861716591,0.0006240644786211,-0.0408623056911587,0.0010409676253707,-0.0099047706240699,0.0057246023037105
2013-06-27,0.0007369252216902,0.005462751299956,-0.0010332555836162,0.0170000076293946,0.0030970459133479,-0.012158043257392,-0.0057746994663292
2013-06-28,-0.0066006594659477,-0.002019845434822,0.0035152639950323,0.0115397422469549,-0.0124610145589662,-0.0057892558631277,-0.0011357442970168
2013-07-01,0.0078394988683355,0.0134312139114023,0.0051503913326056,0.0460251148767792,0.0090308549241127,0.0157692249004658,-0.0009913566664656
2013-07-02,0.0019266817534138,0.0057152109791634,0.0079950676385412,0.0015417587600998,-0.0006943941300283,0.0162570278043107,-0.0049680410118147
2013-07-03,0.0010335942073371,-0.0036754285137448,-0.003460874850202,0.0186450735994738,0.0,0.0026158331175448,0.0155630237717639
2013-07-05,-0.0023535214761819,0.0018398515017108,0.0,-0.0173861456967334,-0.004152212230751,0.0007407576949508,0.0012933463431748
2013-07-08,-0.001633905262681,0.0022873059117219,0.0065332727197818,0.0292682654512978,-0.0069084890386423,0.0365313563535995,0.002429001336316
2013-07-09,-0.0001956731558417,-0.0012121489553741,0.0004039680557812,0.0163011028363866,0.0,0.0187081075916985,-0.0063603808938824
2013-07-10,0.0046081636722291,0.0016702187873085,0.0066558693862478,0.0297376233367836,0.004133617948551,-0.0024180172824886,0.0064248564014855
2013-07-11,0.0141095858102907,-0.0026982507517028,0.0118976496230457,-0.0002784272229375,0.0192567461985929,-0.0174657608067298,0.0098122317573617
2013-07-12,0.0041318496849874,-0.0004509060551225,0.0019611388670207,0.0027979426252053,0.0066313250646988,-0.0017463932422693,-0.003200714653215
2013-07-15,-0.0051969323919104,0.0021090598891405,0.0013685179420533,0.0022283569068863,-0.0095175259177512,-0.0087473758106148,0.0074033585110116
2013-07-16,-0.004863541350817,0.000150746702502,0.0001955834249089,-0.0041771519497713,-0.0076411807083538,-0.0105894542135002,0.0011115996901173
2013-07-17,0.0088239288764894,-0.0025621427709846,-0.0033132328803846,0.0011139213505239,0.0122801476780389,-0.0308291620500876,-0.0037318126988348
2013-07-18,0.0004687703613988,0.0054315120244692,0.0021504749242019,0.0019444359673394,-0.0003269116976773,-0.0003640418322462,0.0043091124280436
2013-07-19,0.0044785937182479,0.0062779993926135,0.0042751889742942,-0.0019450821410594,0.0032690546247434,-0.0007296774124409,0.0114895051993205
2013-07-22,-0.0002102999601369,0.0037196846214175,-0.003866243276808,0.0008393614406277,0.0003258464877098,-0.0043305281793389,-0.0030269843117688
2013-07-23,0.0068684503281467,-0.0044424023069176,-0.0015522279711598,-0.0089012430607262,0.0100747306249768,0.0090317918079377,-0.0020661367635204
2013-07-24,-0.0083267772225193,-0.0056505167794494,-0.0100814354265994,-0.0080780195877789,-0.008051529988497,0.0157143047877719,-0.0130944801884981
2013-07-25,0.0140700350980483,0.0032958984374999,0.0076410537353613,0.0079028726188289,0.0186457213122158,-0.0059732317081509,0.0112028480792219
2013-07-26,0.0184907013110677,0.0052529809086502,0.0038978160765806,-0.0019846808595322,0.024326954325527,-0.0124245786482715,0.0004171131821557
2013-07-29,0.0045997374173603,0.0020973691333097,0.0060171073473719,-0.0042808653527299,0.0050874354063815,-0.0154398671197824,0.000278388452689
2013-07-30,-0.017716250181461,-0.0090963410760427,0.0007714738033658,-0.0133826144732355,-0.0238918655027182,-0.0097473086760675,-0.0099557691335922
2013-07-31,0.0026952507347181,-0.0060024239127026,-0.0024937860243926,0.0074520533327268,0.0074097788483399,-0.0061795737869703,-0.0013944843870837
2013-08-01,-0.0013348544581248,-0.0078860214317251,-0.0056571609271403,0.0042253950951804,0.0044345705100336,-0.0151679331236328,0.0066611625478239
2013-08-02,0.0013630494702647,-0.004729898600296,-0.0058868472121016,-0.0142045451466702,0.0085254328106484,-0.0084870678597333,0.0053904547045422
2013-08-05,0.0014503637112237,-0.0007665652182201,0.0043943359106956,-0.0080855496782512,0.0003148686652949,0.0316927811760474,-0.0011018018231952
2013-08-06,0.0083693520410226,0.0085837707897791,0.0009512792190671,-0.0216753918277428,0.0104662199974461,-0.0072228515378126,0.0121445937694819
2013-08-07,-0.0155411111209291,-0.0022838234650112,-0.0020932561740931,-0.0110944212537783,-0.0203697781773253,-0.0261125773400393,-0.008201285859508
2013-08-08,0.0196012045842923,-0.0003044555872943,-0.0003795873654384,-0.0041941098013374,0.0234741778432119,-0.0011290470320447,0.0057779358211449
2013-08-09,-0.0074371618776231,-0.000304362922302,-0.0047465351944399,0.0024197826084197,-0.0104615431565505,-0.0052690775783374,-0.001508717663235
2013-08-12,-0.0007463596085731,0.0019817817962874,0.003441030404325,0.0109856760855269,-0.0025031265956738,-0.0129277628308362,0.0068870524863472
2013-08-13,0.0011068517065116,0.0009113789691047,-0.0015238444010416,-0.0152558220632593,0.0025000572204593,-0.0111238592855174,-0.0023163669486186
2013-08-14,-0.0091986995677458,-0.0078860214317251,-0.0061103628289247,-0.0024300735360576,-0.0112640398409095,0.0151868919397884,-0.0130048533600143
2013-08-15,-0.0074829017034266,-0.0090700067579661,-0.0176836351263497,-0.0416794843951908,-0.0028790835549878,0.0007749112040881,-0.013370566477207
2013-08-16,-0.0081208662231792,-0.0179406823487823,-0.012794869727937,0.003884779592246,-0.0032195873531605,0.0034992284210972,-0.0015536808701992
2013-08-19,-0.0058154110881889,-0.0019071668051,0.0044643105956318,-0.0122226139031911,-0.0106485939381518,-0.0054432112513994,0.0019849623149226
2013-08-20,-0.0005031507130593,-0.0036600818217351,-0.002825986819967,0.0077947308860628,0.001628639603192,-0.005481648080598,-0.0005658638300441
2013-08-21,-0.006913173079878,-0.0102105837034528,-0.0074837973738308,-0.012341703696527,-0.0058632019772805,-0.0106676632205527,-0.0092198797997008
2013-08-22,0.0133627075990237,0.0054767449720104,0.0038688377997887,0.0352595479365669,0.0173372813849008,0.0318471023221893,0.0050028370311798
2013-08-23,0.0032304214278112,0.001596654517255,0.0074822836436043,0.0047273753764353,0.0038461195176413,-0.0177401074588292,-0.0065137222682268
2013-08-26,-0.0149324826331295,-0.0170463547398601,-0.0096269461765043,-0.0053258169137724,-0.0163356899455049,-0.0160469612389418,-0.0182727530753374
2013-08-27,0.0038516276447623,0.0048915576080847,0.0010185218355089,-0.0388318064954402,0.0065574020635886,-0.0008042001241963,-0.0049700913475243
2013-08-28,-0.0044266242316049,-0.0069906763487584,-0.0057119293488813,-0.0163061492032868,-0.001634024306727,0.0210016338027775,-0.014396993702471
2013-08-29,0.0098882080168256,-0.0027978632923211,0.010679820752314,0.0223274647948666,0.0118655441180299,0.0019840966486824,0.0094057512965585
2013-08-30,0.0008215042965896,0.0011543485410415,0.0016246550290514,-0.0238489966202845,0.0009791347011462,-0.0150554343982772,-0.0010336635198231
2013-09-03,-0.0103858244643559,-0.008001333524442,-0.0096637720944477,-0.0156562696048052,-0.0112395144823746,0.0011919223899314,-0.0095434080172377
2013-09-04,0.0046093772536965,0.001152827625444,0.0004074295501301,-0.0403253312378137,0.0061908968198987,0.0205940775351949,0.0049005323581969
2013-09-05,-0.003279210367721,-0.0039565064139549,-0.0008140194551114,-0.0225035613565004,-0.0045336591144183,-0.0027089665019685,-0.0026639086279227
2013-09-06,-0.000331455449681,-0.0057775219253782,-0.0012183019957565,0.0401002119458343,0.0012945280265749,-0.0278201047486222,-0.0010371862059547
2013-09-09,0.0032228416293521,-0.0023179337882254,-0.0018311322440245,-0.0095791578406385,0.0064704226440233,0.0206789193913361,0.0109775674761677
2013-09-10,-0.0116979534192036,-0.0171900977773114,-0.0123682200755482,0.0112975638958547,-0.0092562722274147,-0.0121811834506326,-0.0118872551489455
2013-09-11,0.0029499504745329,0.0100874629024213,0.0030832005442353,0.0087986543348452,0.0,-0.0069364277411833,0.0096554000122624
2013-09-12,-0.0010301170058151,0.0009989603267049,0.0012290326437132,0.0023490471129205,-0.0022335575776454,0.0100697223839995,-0.0107304974369808
2013-09-13,0.0064754361643439,0.0058052491094084,0.0051020408163265,-0.0060059526843878,0.0070220017200839,0.0107074833931199,0.0077301070077361
2013-09-16,0.0024091755842711,-0.0016372345419202,-0.0002010883774214,-0.0208539946990734,0.0040971027415929,-0.0213883565847365,0.003653368389377
2013-09-17,0.0044880650908532,0.0031430707082053,0.0016096180106514,0.0094562233544498,0.0062932300588294,0.0242028099941549,-0.0005824245100407
2013-09-18,0.0166574205930017,0.0105662769171704,0.0030000305175781,0.0332103250202747,0.0260188066969104,0.0093527872907357,0.011206582487569
2013-09-19,-0.0032621891034983,-0.0014712496417289,-0.018886851879913,-0.0219354937153477,0.0051876157024902,-0.0333580294218076,-0.0091637947194624
2013-09-20,-0.0125932196709912,-0.008349740028514,-0.0032773422452331,0.0105332985850147,-0.0182371507899902,0.0236640806805534,-0.0020275073636635
2013-09-23,0.0035622635279182,-0.0024838170673561,-0.0008217114888366,-0.0165262546595919,0.0056657319037524,0.0123502968632609,0.0016032737118932
2013-09-24,0.0014491020028139,-0.0031588102508111,0.0004095155092477,-0.0102479162295002,0.0031298426207578,0.0025916214080357,0.0014604713354504
2013-09-25,0.0390328036326505,-0.001667196980398,-0.0075897216796876,0.0093645715791907,0.068219610286455,0.0191458196128529,-0.0140538052519022
2013-09-26,-0.0005970150043112,-0.000501045314946,0.0008251014006816,-0.0082290983181742,-0.0021848189816663,0.0010833795131198,0.0016553892461008
2013-09-27,-0.0028110347147253,-0.0113902897233781,-0.0045548117904951,0.0033444944062055,0.0025220657452022,0.0079624041760927,-0.0084899570401234
2013-09-30,-0.0020817444500386,-0.0010206050749554,0.0031399981106188,0.0182741431292524,-0.0022229182385834,-0.0274864462700572,-0.0046154315655047
2013-10-01,-0.0078644446908281,0.00393027239298,0.0052377959857045,-0.0123005598461387,-0.0146917627696874,0.0096474328078959,0.0021624867820201
2013-10-02,-5.335222256760457e-05,0.0052918666593386,0.002087215079098,-0.0145074329969777,-0.0022786359501575,-0.025110794205745,0.0069941654219788
2013-10-03,-0.0028104293779265,0.0018713952472946,-0.0066736118818073,-0.0013642226669522,0.0,-0.030245789086332,-0.00743614770318
2013-10-04,0.0105410852503256,0.0079810023021622,0.0067184481975254,0.0187521049604917,0.0124672268314396,-0.0011719018046275,0.0103125572204588
2013-10-07,0.0061492688535522,0.0083008925732632,0.0016698357609992,0.014920330195748,0.008855377493949,-0.0188382869254244,0.0083916228179012
2013-10-08,-0.0040527210132848,0.0016806466238837,-0.0091953738921635,-0.0304959732828013,-0.0032478200226131,-0.0183485875577267,0.000153831694046
2013-10-09,-0.0037894481598633,-0.0025100019309672,0.0029448756195271,-0.0300000289390827,-0.007457832071931,0.0072668672526959,-0.0066052275768749
2013-10-10,0.0103188405163305,0.0101582117918678,0.0095853108644306,0.0219130142875339,0.0090556496104338,0.0198412692405678,0.0175034459960553
2013-10-11,-0.0071780959466652,0.0014834375359179,-0.0010331208715164,0.030685292222004,-0.0102662718652862,0.0152343509311325,0.0037861578770525
2013-10-14,-0.0012987913184704,-0.0018212021121296,0.0029045516064821,0.0160374051901804,-0.0026007777344206,0.0100386190236009,0.0066667036576704
2013-10-15,-0.0057259026244541,-0.0048108345504757,-0.0070466352867959,-0.0072968264059042,-0.0055320559331702,-0.002681980605407,-0.0058858946132628
2013-10-16,0.0153725041645088,0.0054689760610361,0.0116158760407729,-0.0043161043988384,0.0191248021164461,-0.004195221429579,0.0162871643917701
2013-10-17,0.0227553784280373,0.0072703011133659,0.0067845772038583,0.0144150287051816,0.0306415893443684,-0.0030674817461688,0.0135516904249681
2013-10-18,0.0027614235141169,0.0065520316278085,0.0006102274082583,-0.0039318754073894,0.0052664804854831,-0.0026758293284602,-0.0075979581226069
2013-10-21,0.0038212002087111,0.0090908964803396,0.003483647260254,-0.0039473333352157,0.0040173382467011,0.0095419844549636,-0.0056129582060171
2013-10-22,0.017995986699976,0.0124324931826251,0.0122324627553717,-0.0013284926840416,0.020871591536571,-0.0210288953657729,0.0140616431611442
2013-10-23,0.0032059956200174,0.0080879974517672,0.0115267883929217,-0.0152368659716437,0.0003021793562402,-0.0061680741757132,0.002338551101891
2013-10-24,0.0022283771202496,-0.0056017681927877,-0.0012007478852362,0.0039959683363621,0.0048352930394168,0.0112272906071978,-0.0014551582122348
2013-10-25,0.0039024648484081,0.0066107682100282,0.0032064096697295,-0.0033101117891954,0.0035970902185035,-0.0140417773767321,0.0071365837115435
2013-10-28,0.009880063712846,0.0165011634765886,0.0137972898333245,-0.0046542350400107,0.0068986065142075,-0.0192901234000107,0.0066521919641681
2013-10-29,0.0057644715799159,0.0105329061863942,0.0057120526474802,0.0006671266867597,0.0053380871488602,-0.0277777425394197,0.0051716794597762
2013-10-30,-0.0057542210927006,-0.0057668753968688,-0.0091958758577656,-0.0106312189624162,-0.004705877865062,-0.0076397477943742,-0.008441784848234
2013-10-31,-0.004570904611135,-0.007687506519667,-0.0045410335637615,-0.0131268731627885,-0.0029629177517362,-0.0516680415665431,-0.0017322812617677
2013-11-01,-0.0064878191363694,-0.0137745239706552,-0.0045499415570258,0.0051281920865051,-0.0047407362196182,0.0098416574230586,-0.0063630141966315
2013-11-04,-0.0050997446257098,-0.0124389406661695,-0.000792097337175,0.0037415174074434,-0.0005947206996265,0.0092826711507332,-0.0017367943775922
2013-11-05,0.0069227715959797,0.0147981664908932,0.0091560324264445,0.0078605447859599,0.0008978982171171,0.033277208220046,0.0047979330751895
2013-11-06,0.0081879391420777,0.0030082113231158,0.0035314950140253,-0.0057335608256704,0.0084438715496173,0.0255862880426567,0.0109526177102669
2013-11-07,-0.0303164397032897,-0.0200473034515572,-0.0127325704387035,0.0003378455659781,-0.0343063317891252,-0.0150000254313151,-0.0182361979594658
2013-11-08,0.0162901541318621,0.0043604726380482,0.0067729113031985,0.0047281116772249,0.0202935232797775,0.0101522748441041,0.004214517160539
2013-11-11,-0.008345713809799,-0.0065757795901514,-0.002964381733299,-0.0067204556922468,-0.0106968910684788,0.0242553061627327,-0.0001445755422106
2013-11-12,0.003519623388871,0.0019376543079836,0.0003965197919946,-0.0081632576269456,0.0030930550095125,0.0361446136378835,0.0046464306964194
2013-11-13,0.0052425600710093,0.0134653121231873,0.0121344858722267,0.0124223815057997,0.0021058872229109,0.0305835097470886,0.0137981786302262
2013-11-14,0.0185129525517123,0.0090865566552481,0.0109868068507381,0.0023923340490994,0.0221424811194161,-0.0066302683440225,0.0057305713323217
2013-11-15,0.0001564891744069,-0.006190466502356,-0.004076069149976,0.0081995137466596,0.0017651531518388,0.002753725201185,-0.0008553839869289
2013-11-18,-0.0027465492000141,-0.0077951268486961,-0.005853643649962,0.0091308914626377,-0.0005885949980314,0.0007843316770068,-0.0037121949290669
2013-11-19,-0.0018387561259512,-0.0069198633633622,-0.0031658061834927,0.0036949513373031,0.001782572001278,-0.0192232159873679,-0.0034508336827169
2013-11-20,-0.0139230186921219,-0.0081116159141941,-0.0241775154209479,-0.015019988963352,-0.0082913466242639,0.0187999725341798,-0.0112407953041895
2013-11-21,0.0062302216764909,0.004719298810851,0.0016213623046213,0.0080699318414668,0.009543683461802,0.025137522388498,0.0023266492645018
2013-11-22,0.009592318683643,0.0103509521380445,0.0135490021963243,0.0006673492900202,0.0080309478388355,-0.0061326119768626,0.0060922273581623
2013-11-25,-0.0117213186114789,-0.0092488921196783,-0.0075606300459256,-0.0066688515210803,-0.0140803619855627,0.0019267528165915,-0.0110695323474932
2013-11-26,0.0052827702117086,-0.0045153811784517,0.0083898952741417,-0.0139860162068103,0.0062351271546865,0.0269645912028609,0.002610213276762
2013-11-27,0.0026867398109148,-0.0074991699271009,0.0007921786393435,0.0233108285528797,0.0053254529360584,0.0303597997255365,-0.0007200900057572
2013-11-29,-0.0051349130339497,-0.0047595751530417,-0.0015838055635674,0.0278871520418454,-0.0059294623674397,-0.0184782689069904,-0.0059069822860879
2013-12-02,-0.0042749650918665,-0.0008245256854189,0.0007964376714029,0.0131326027043419,-0.0047619004368508,-0.0445103448197795,-0.0021719360235586
2013-12-03,0.0014826061758382,0.0117511241424505,0.0079680817749496,0.0212765983221267,-0.0029411315917967,0.0249513179927969,0.000145205674416
2013-12-04,0.0148034773311695,-0.0001641490979847,0.0079506599137957,0.031611840294688,0.0208519740632401,0.013384336006709,0.0033644781375885
2013-12-05,0.0037259326586351,-0.0037822650393385,-0.0045554238321938,0.008513188947793,0.009093616072263,-0.0147727043668097,-0.0070073482764029
2013-12-06,0.0097398379022798,0.0106574470125179,0.0171834665915631,0.003875886996705,0.0065978066038252,0.0207612073597403,0.0127007700230954
2013-12-09,-0.0069288810673766,0.0037271033162954,-0.0021338625020285,-0.0217326448026254,-0.0111175366017355,-0.0108940986620831,0.0031581047910315
2013-12-10,-0.0141564951431429,-0.0108484162427787,-0.0105324928945963,-0.0198777220401653,-0.0156068533134175,-0.0011385459662691,-0.0166498645500452
2013-12-11,-0.0030130573681669,-0.0034285564811863,-0.0039377979786235,-0.0390625,-0.0029256428680005,-0.0076074840614149,-0.0001449529699536
2013-12-12,-0.0021595978294915,-0.0078533957890159,-0.0174430337920169,0.0006516308265568,0.0047309239756319,0.0015355438272117,-0.0101877013181387
2013-12-13,-0.0068885407852649,-0.0057518238767078,0.0010082524078785,-0.007491903709091,-0.0108124702917362,0.0072685745407039,-0.0055849095870787
2013-12-16,-0.0002083119177646,-0.0065757276646124,0.0026115120792106,-0.0208604753351475,0.0,-0.0121395936045065,0.0001476511519493
2013-12-17,0.0010650770710836,-0.0026446255770596,-0.0054161815713309,-0.0140522973795835,0.0056262547863041,-0.0176651680356507,-0.0023654055907536
2013-12-18,0.0169575100047683,0.0101802508176261,0.0180143520082488,0.0029870612377938,0.020023566652176,0.0050820625939923,0.0082976026924562
2013-12-19,-0.0078804922535592,0.0026472510100521,-0.0182974978377311,0.0122923231626449,-0.0046256099076697,-0.016015618800884,0.0052910141902922
2013-12-20,0.0061761504634903,-0.0011553011164869,-0.0004055242880663,0.0262725522829615,0.009022047528729,0.0059523656344832,0.0023375262124606
2013-12-23,-0.0004924925941492,0.0026586880458746,-0.0028397442558821,0.0057471362365794,0.0005767144633123,0.0043069185223111,-0.0084106995179077
2013-12-24,0.0017012247356386,-0.0029786580219553,0.0010156253813826,-0.0025086210485167,0.0031782897547438,0.0046948686127045,0.0032135732346661
2013-12-26,0.0052630796872798,0.0047989560493597,0.0050556116510186,-0.0146554199509501,0.0057620503663143,0.0023328683861924,0.0045162814882032
2013-12-27,0.0007260183116076,0.004281922205307,0.0006022641732542,0.0047199375484376,-0.0005725868190361,-0.0050135390121567,0.0018942865804359
2013-12-30,0.0099414571117961,0.0047563899462676,0.0012023558468756,0.015403954081885,0.0173762615125865,0.0116550562189904,0.004503814475476
2013-12-31,0.0004466149708664,-0.0034268780785877,-0.0004005699507595,-0.0145241412805404,0.0025560964194281,0.0046135690437833,-0.0054834757009849
2014-01-02,-0.0052961463089966,-0.0027877692722441,-0.004032196661186,-0.0079038889229594,-0.0062802573129371,0.0042356801409307,-0.0076957512349995
2014-01-03,-0.0023782524241312,-0.0067224108235574,-0.0030358535993146,-0.007954183823499,-0.0008625296247776,-0.0195627247737593,0.0007299715585082
2014-01-06,-0.0070604513667011,-0.0088830549003892,-0.0008100630753764,-0.0076775358080908,-0.0091822011143514,-0.0144588056673373,-0.0072706125404532
2014-01-07,0.0061742230733474,0.0029693221436384,0.004230440915687,-0.0205722045786175,0.0084009534090873,-0.0043632965885619,0.0080491059216292
2014-01-08,-0.0047998927336757,-0.0097087403018525,-0.0156060084187755,-0.0127868652343751,0.0034581823990311,0.0159109600473421,-0.0091609318623035
2014-01-09,0.0156084834222504,0.0009963061670135,0.0074013284306944,-0.013930350965438,0.0225563544822138,-0.0086071720638191,0.0104151254737174
2014-01-10,0.0070344513451894,0.0064580128099039,0.0024405684574099,0.0013418623362621,0.0087347856842124,-0.0288195635386927,0.0057928150442591
2014-01-13,-0.0084653035671865,-0.0036273901923849,-0.0065133256231884,-0.0077519225360601,-0.0106801868622604,-0.0146401223309337,0.0020264441520339
2014-01-14,0.0225228635691127,0.0056151966452838,0.0109798793095232,0.0183611328911605,0.0338784985557294,0.00536308041843,0.0104000224815313
2014-01-15,0.0038433915477371,0.0013110130409257,-0.0108317755158651,0.0066822202990834,0.0087595755478223,0.0526965307143581,-0.0011456656015596
2014-01-16,0.0041389917653265,0.0072309359480654,0.0045548907697354,-0.0093177632747342,0.0008411156583757,0.0216962220427649,0.023988299573495
2014-01-17,-0.0064553074574657,-0.0130569484426889,-0.0033030522697804,-0.0033545918571376,-0.0064825125480209,0.0181817913508196,-0.0084843825067223
2014-01-21,-0.0096149938958176,-0.0032808524596978,-0.0002059386547956,-0.0029970080096572,-0.0128940041050074,0.0219281628346386,0.0092352000211377
2014-01-22,-0.0007587266874649,0.0041145491590871,0.0047383505953488,0.0016699811679586,-0.0037594291854109,0.0396002841116448,-0.0017109031597701
2014-01-23,0.0026598132344002,-0.0046067585541356,0.004329878030364,0.0036752625870351,0.0040804250668852,-0.0199288063466243,-0.0024425024809236
2014-01-24,-0.0189254803242962,-0.0087806291242148,-0.0035088128166269,-0.0080645083760869,-0.0237887921608693,-0.0231447162622638,-0.0021695332253845
2014-01-27,0.0005763711432407,0.0005014002737553,0.0039304639244774,-0.0138420574997982,-0.0008917592104981,0.0015009724615351,0.0014486234374827
2014-01-28,0.0057697979058735,0.0006667294500915,0.0088605051718901,0.0106713040080058,0.0050654994633168,0.0070974457773637,0.0081089662291565
2014-01-29,-0.0148931497998394,-0.0252171360937818,-0.0149989638319343,-0.007823113783014,-0.0099039021422527,-0.0074515932117149,-0.0208426951381459
2014-01-30,-0.00166835004932,-0.0095416181921482,0.01040149788172,0.0273879208998142,-0.0018187744843365,-0.017563501843592,-0.0047662600588885
2014-01-31,0.0088236501899153,0.0057241631851354,0.0,-0.0175735199419454,0.0139274815572793,0.0145315898148604,0.002655806331384
2014-02-03,-0.0212117024148629,-0.0191345772758326,-0.0251716058280512,-0.0010316604788244,-0.0219511409375991,0.0007499234235642,-0.0159251244943218
2014-02-04,-0.0028589843917764,0.0026264701379542,0.0021280798159008,-0.0037774933784807,-0.0077495354311015,-0.0037467358362216,0.005699819683681
2014-02-05,0.0066287017403124,0.0029719959209415,0.0100234853235436,0.0111111670364583,0.0078517587563417,-0.0041306311103826,0.003956322288862
2014-02-06,0.0088251162762535,0.0129824855871367,0.0035796623065271,-0.0071843683804789,0.015527949942643,-0.0007502047216108,-0.0086450683164801
2014-02-07,0.0015929251813357,0.0062069070750268,0.0064934551255699,0.0,0.0,-0.0014975293728844,-0.0042647362487274
2014-02-10,0.0118433849424958,0.0166209940123107,0.0072977959862324,0.0164665368273691,0.0100639831394806,-0.0123502968632608,0.0137985557876641
2014-02-11,0.0126463060300695,0.0173322087376467,0.0166216334782199,-0.0040608776643982,0.0087904542611577,0.0049112607286562,0.0115896300932482
2014-02-12,-0.0065913980640074,-0.0060230986714808,-0.0055327963521488,0.0044262566241722,-0.007768214124523,-0.0041151778857729,-0.003873566725343
2014-02-13,0.0261644489931859,0.0042208340694269,0.0190594191054609,0.0221540427794763,0.034682063483203,0.0098261616733923,0.013728625643693
2014-02-14,0.0103766177604277,0.0080388469200487,0.0152625154520859,-0.0039960318511335,0.0085721869681918,0.0101963920857707,0.0114267733069689
2014-02-18,-0.0008970644252308,-0.0011629788406933,-0.0052062140304936,0.0083584086016513,-0.0017518649136063,0.0063314738874741,0.0097709830480676
2014-02-19,0.0017020792662712,-0.0071476114738433,-0.0040428695776086,0.0016628249057743,0.0070546108330447,-0.0029706618195129,-0.0063762832978115
2014-02-20,0.0090166334615016,0.0103992411554782,0.010351092283232,0.0059583022386882,0.0078924427065015,0.0048237164039481,0.0128656199435103
2014-02-21,-0.0135275019005766,-0.0031592721755445,-0.0076167783676918,-0.0055810300083682,-0.0185980403916945,-0.0143805783528172,-0.0018156320749969
2014-02-24,0.0035184487342772,0.0036369218036272,0.0024130089078897,-0.0009937292518979,0.0040864918623684,0.0093457943925234,0.0015116926956075
2014-02-25,-0.0086127310431524,0.0008227618345221,0.0024033433036515,-0.0019973825386936,-0.0136547771937391,-0.0081421619902272,-0.0022607615573256
2014-02-26,-0.0046907456586934,-0.0088713177313237,-0.0085845538803329,-0.0106666564941406,-0.0011778832922771,0.0011185938473852,-0.0108530845802499
2014-02-27,0.0029606881077192,0.0004988986988856,0.006063040417057,-0.0171717244370656,0.0026658814295759,-0.0007451735339035,0.005489487653248
2014-02-28,0.0151587117289783,0.007135750367622,0.0042151562777803,0.0334471493209252,0.020695819542623,-0.0193596591938748,0.0072816045246754
2014-03-03,0.0043646119487338,0.0054689760610361,0.0068659157803903,-0.0102784969333805,0.0029673137049615,0.0,0.0050159876343276
2014-03-04,0.0098860726669466,0.0118929203025696,0.0103544493254475,0.0085922084241649,0.0091176874497358,0.0140363779710789,0.0076679370088026
2014-03-05,0.0077857334863241,0.0,0.0003951098021669,-0.004911641171649,0.0132821944732155,-0.0078798907121424,-0.0013448347333098
2014-03-06,0.0082942841095249,0.0022842125559988,0.0017792869638722,0.003284022056341,0.0121881019965501,-0.0336993333885101,-0.0010468026312112
2014-03-07,0.0034170366808541,0.0021148080500473,0.0013798481264706,0.00228906785477,0.0031455706752003,0.0283911394331985,0.0002985910512456
2014-03-10,-0.0030066201644712,0.0012987310557857,-0.0019782092112829,0.0289808311146145,-0.0022752564477985,-0.0422102994632563,0.0005977175899552
2014-03-11,0.0066582772565296,0.0008110176127012,0.003560132521493,-0.0095237853035094,-0.001712747949886,0.0783686152153339,0.001042748364192
2014-03-12,0.0082315629377045,0.0092682877207191,0.0146215738953808,0.0237789123124069,0.0066340746778466,-0.0082397458583033,0.0153983971998103
2014-03-13,-0.010473183949402,-0.0033767340265299,-0.0073944555872438,-0.0150564477688895,-0.0134286063058035,0.0041369164994478,-0.0070588728960823
2014-03-14,0.0008537879169076,-0.0112030950641261,0.0066747945028543,-0.002868012990637,-0.000583614166808,0.0217963138069388,0.0059479780799837
2014-03-17,-0.0033434003569773,-0.0066927825440045,0.0077937526481423,0.0038535915730714,-0.0069585870335469,0.0153284701511417,0.0020637828213555
2014-03-18,0.0080725045311959,0.0127722086653782,0.0,0.0147577505083968,0.0058479753940876,0.059476884861611,0.0023529950310203
2014-03-19,-0.0080625187022879,-0.0019401606280552,0.0017769032552133,-0.0319519205751321,-0.0124349416543296,-0.0236726027330107,-0.008211108264693
2014-03-20,0.0031521571563118,0.0038936028689691,0.0033411589107029,0.0022823506569967,0.0038088851259782,-0.0096819047685626,-0.0002959834782271
2014-03-21,-0.0138177557240485,-0.0120327286694595,-0.0079704482573454,0.0071544492147801,-0.0169930913549645,0.0118549563797086,-0.00412855766082
2014-03-24,0.0049492626354126,-0.0045395392009001,-0.0097618115596198,-0.009309759606103,0.0122644284675231,-0.0126929309340217,-0.0053042669188587
2014-03-25,0.0064152948593187,-0.001296354197768,0.0009798756212805,-0.0096587006509609,0.0070485076018908,0.0031163488643779,0.0133788042048321
2014-03-26,-0.0048307628343503,-0.0064422857931372,0.0009794169991727,-0.0306353033191742,-0.0078397348585922,1.42790930751907e-16,-0.0043412011215561
2014-03-27,0.0031873085538227,-0.0024228965635374,0.0001958515036273,-0.0102716853150335,0.0064724152733781,-0.0075679159155154,-0.0008471719107307
2014-03-28,0.0008756727112827,0.0020967914212132,-0.0013626571204922,0.0123828932270929,0.0014556929833777,-0.0197710612671741,0.0042242053778961
2014-03-31,0.0026660833432309,0.005612547637836,0.0056278075373034,0.0317928320576101,0.0008690260399496,0.0264643611842574,0.0009766945250815
2014-04-01,0.0028971300558341,0.0024011158676259,0.0025168876975314,0.0018868356833507,0.0025914239497307,0.031615122482259,0.0005588280875119
2014-04-02,0.0016496691005302,0.0025604071549778,-0.0044358640116668,-0.0081684018066299,0.0046029877772748,0.0159946530681586,-0.0050237313976292
2014-04-03,0.0217678576155148,0.0561565183745092,0.0059707508517678,0.0003160628658263,-0.0042954673266572,0.0143885067088086,0.0011269451114537
2014-04-04,-0.0192518402061553,-0.0327620178585459,-0.0129044336011948,-0.0322275030033962,-0.0137064402045123,-0.0169816980084617,-0.0129195082260002
2014-04-07,0.0017997389236429,0.0199090237472822,0.0077744937852318,-0.0009762050030506,-0.0063861020560497,-0.0026126688933186,-0.0021364695603886
2014-04-08,0.0051131555630367,-0.0149984049964013,-0.0031104170233985,0.0012974672600173,0.0119918064896271,0.0294695347593355,0.0140946116639148
2014-04-09,0.0095174204568385,0.0139591348156913,0.0009761662606196,-0.0163200073242187,0.0127499989222457,-0.0022215072775548,-0.0054683032994563
2014-04-10,-0.0071064607692956,-0.00590908166134,-0.007009357594887,-0.0398822918361862,-0.007718709585392,-0.0130698675101075,-0.0040925897971977
2014-04-11,-0.0036496550026371,0.0039743525452113,0.0025480412965277,0.0089500941724687,-0.007233796008851,-0.0038885559578747,-0.006387465830166
2014-04-14,-0.005784422274833,-0.0072704597386476,-0.0033029333516741,-0.004745742021981,-0.0066320513325371,-0.0022559329881993,-0.002266553917201
2014-04-15,-0.0075719666920387,-0.0063994847862569,-0.0017530220553253,-0.0284456529988422,-0.0101127501486863,-0.0154043499546486,-0.0058073093707662
2014-04-16,0.0071949379767271,0.0073282955257037,0.0135763562761423,-0.0069807629407948,0.0049133523450797,0.0237089808551512,0.0075070650248124
2014-04-17,0.0003052339287244,0.0066767041247932,-0.0026804401852469,0.0446553631000879,-0.00086501669645,0.0187480798477855,0.0008460968631915
2014-04-21,0.0027331050677284,-0.0003029794404,0.0044171220200561,-0.0183701113760346,0.002883462319525,-0.0015596709175275,0.0051020496429667
2014-04-22,0.0082248929032107,0.0043946192592101,0.0005751299728647,-0.0016943796686333,0.0100922281153748,0.0158091184986221,0.0095801672726938
2014-04-23,0.003691828576176,0.0049841690925513,0.0026804401852468,-0.0142228264994212,0.004865540650383,-0.0167174172112176,-0.0005585159730987
2014-04-24,0.0031126634809005,0.0022597398626917,0.0019109205163786,-0.0041151897295162,0.0045532114453946,0.004930657739609,-0.003494548459612
2014-04-25,0.0026901319702914,0.0063357695451008,-0.0026702153124843,-0.0093103606125404,0.0051194626267618,-0.0270187033777111,-0.0018237549893972
2014-04-28,0.0116834535562877,0.0055290310326657,0.0112209265375521,-0.0076521500297214,0.0132505607507995,-0.0072486462513234,0.00699887993999
2014-04-29,-0.0115653239648856,-0.0001492188037091,-0.0086352371038062,0.006302531811684,-0.0143964693560564,-0.0100914444674617,-0.0113494767449718
2014-04-30,0.0048771589357043,0.0022495729632932,0.0045472088673283,-0.0155979465160937,0.006777793829455,0.0111821210862942,-0.001262504785093
2014-05-01,-0.0115683559241071,-0.0234538338446949,-0.0101465784130286,-0.0038247777981968,-0.004192222367219,-0.0201638120435906,-0.0016820174284726
2014-05-02,-0.0065107140214339,0.0035183680262441,0.0039969372061925,-0.0055632769867447,-0.013073747169086,0.0160205067179495,0.0073156532030255
2014-05-05,0.00493914408964,-0.0068701824159111,0.0081779474230552,0.0021148912290269,0.0090677156849666,-0.0066772968752594,0.0008419528037488
2014-05-06,-0.00103649578667,0.0015327786234742,-0.0024533131533765,0.0017680069252669,-0.0017006111300932,0.0072917012980702,-0.0074490339835636
2014-05-07,0.013615673975079,0.0080866458940086,0.008856250676575,0.0056318144410931,0.0146471171301039,0.0065607921292886,0.0149717162839505
2014-05-08,0.0005651770526359,0.0006061663406919,0.004303883760232,-0.0014094083636903,0.0010596269013864,-0.0082418156438869,-0.0112797324346492
2014-05-09,0.010925928409912,0.0143374119772739,0.0137905643043431,0.0173145474090723,0.0093059949067047,0.0284722786074815,0.0033845416919328
2014-05-12,-0.0033589137062156,0.0149828579137677,-0.0053162405056519,0.0196629698838486,-0.0107894696687396,0.0036825811822022,-0.0013985800576376
2014-05-13,-0.0003341713631648,-0.0005869539931287,0.0020272873895006,0.0075213440463073,-0.000528134627087,-0.0073333104451497,-0.0012600999747681
2014-05-14,-0.0050614135688691,-0.0076357805391731,-0.0055147618261571,-0.0374022572994511,-0.0023879054355843,-0.0443349867863651,-0.0079910231346168
2014-05-15,-0.007969048709489,-0.0137889810365277,-0.0105594609051124,-0.013074167556875,-0.0071979913395894,0.0199587038666607,-0.0028296115927937
2014-05-16,0.0065917047643682,0.0082102264412115,0.0091898289810823,0.0164993187111932,0.0061695158199429,-0.0118083158342887,0.0045422243958266
2014-05-19,0.0017045274189114,0.0035629136222521,0.0029873010326675,0.0060070699956527,0.0,0.0379747050200137,0.0015572000467439
2014-05-20,-0.0007501044599384,0.0035528919752327,-0.0040968569381277,0.0010537649233956,0.0002672633406572,-0.0132406365657874,-0.0053809808557515
2014-05-21,0.0033692534219461,-0.0019139761031003,-0.000373840332031,-0.0003506391557265,0.0058808131943455,-0.0020113800233266,0.0044040000182089
2014-05-22,-0.0042306536657337,0.0001478730975862,0.0044860126816223,0.0038274394999162,-0.0085083671797692,0.0174672640163855,0.0011326891429379
2014-05-23,-0.0044552892616173,-0.0042741477089045,0.0011163046193679,0.0515392521266839,-0.0069332885742188,0.0055957893676799,-0.0007063495793377
2014-05-27,0.0045224708989444,0.0,0.0051890770708838,0.0009920862061037,0.0045625869914311,0.0133160063404008,0.009286670394589
2014-05-28,-0.0009333396962428,0.0002940682803883,-0.0020238601424555,-0.012183102700327,-0.0002672633406569,0.0012870307472823,-0.0072423990300682
2014-05-29,0.0042224843311158,0.0156643300823189,0.0056996024410697,0.0163879524203903,0.0,0.0067523820545602,0.0113604140802878
2014-05-30,0.0015158635902825,0.0030537548948442,0.0077050448830534,0.0013123660147013,0.0,0.0,0.0024954985724369
2014-06-02,0.0038843784910123,0.0017391702403192,0.000729012507855,-0.03203659814802,0.0061267857386013,0.0060394322818463,-0.001388289265803
2014-06-03,0.0039237004864379,0.0043617775091924,0.008241772445337,0.0260487304355612,0.0015847215432253,-0.0250714347759108,0.00962078122786
2014-06-04,0.0094691850195552,0.0062355033480939,0.0120218548099855,0.029245568504622,0.0095238258629013,0.0003255282911899,0.0085551967261507
2014-06-05,-0.00422408581427,-0.009496455569919,-0.0025234208868704,0.0299517013857364,-0.0046862875785172,0.0119818927878562,-0.0004112238595179
2014-06-06,-0.0012797981941548,0.0020358735768105,0.0019891611549575,0.0053058103647845,-0.0044271348147737,0.01397714550368,0.0026092068415614
2014-06-09,-0.0024465986324953,-0.0069970224229689,-0.0043313784358007,0.015610365877478,-0.0005250842132725,0.0037581876209789,-0.0001368655717004
2014-06-10,-0.0021922437986826,0.0025040237218093,0.0016342864188602,-0.0036900040035552,-0.0042205182816172,-0.0171392718742691,-0.0034335944016316
2014-06-11,-0.0039767314476187,-0.0066117685040287,-0.007072894341048,-0.0323584016157035,-0.0029170143999514,0.0238019069248982,-0.0038632228990454
2014-06-12,-0.0067844134838446,-0.0075287056822998,-0.0056869852896565,-0.0194426561763727,-0.0077126891648592,0.0141843687987645,-0.004020531354084
2014-06-13,0.0008541024343217,0.0005955175914509,0.000921545398168,0.0079365004277342,-0.0002669066144572,0.0365853899649964,-0.0012535370955385
2014-06-16,-0.0024533052624149,0.001485092203062,-0.0018413236289759,-0.0112211274306578,-0.0037443003994056,0.0056064457016275,-0.0015371801859199
2014-06-17,0.0024199764702482,-0.0111193481680291,-0.0003682647257952,0.0177281986788573,0.0070061524456207,-0.0102940727682674,-0.0018116621926194
2014-06-18,0.0095020638141855,0.0082968081877709,0.0114687183894723,0.0110138722382911,0.0088638687916262,-0.0151289924468766,0.016092940674677
2014-06-19,-0.0045088584430414,-0.0005972960250593,0.005316240505652,-0.0060800170898437,-0.0079364879131111,-0.0352302981391031,-0.0032999516305011
2014-06-20,-0.0034077890206574,0.0023851524798375,-0.0061840697602534,-0.020302966618572,-0.0037204194970661,-0.0143570842283706,0.0004139475478344
2014-06-23,-0.007093993499044,-0.0110167914834282,-0.0067715764278514,-0.0161290251696569,-0.0040128817975571,-0.0019005215876584,-0.016825281819893
2014-06-24,-0.0043120418840377,-0.0079819091433349,-0.0084933361478699,-0.0073162392945537,-0.0013444269671107,-0.0088747634252862,0.0015451693577634
2014-06-25,-0.0013338992703922,-0.0088576939725107,-0.0007722184578476,0.0084033613445378,-0.0005386603067149,0.0199549676640865,0.0011252015860984
2014-06-26,0.0037264324175338,-0.0026157589557342,0.0030846317853646,-0.0155895237191401,0.0064188735593626,-0.0281111621584921,-0.0011371973388757
2014-06-27,0.0016685830356088,0.0027786401446075,0.0059615648709809,0.0136393830570965,-0.0034731783877988,0.0215968540231045,0.0185001154669341
2014-06-30,0.008317506433915,0.0076687120153843,0.0055502567565041,0.0095678297801753,0.0118375696282348,-0.0246953319508418,0.0012586900404282
2014-07-01,0.0063828564201053,0.0058032564742948,0.0137984135011916,0.026212294399132,0.0015868171492881,0.0197693698164188,0.0030799554775751
2014-07-02,0.0007505106651904,0.0037993919210512,0.0022688397290518,-0.0028644224178662,0.0005278558481354,-0.0032352113220119,-0.0050505136997297
2014-07-03,-0.0041045974885316,0.0006026957039625,-0.0058096208722846,0.0016020873398249,-0.0060209303047834,0.0058102100657032,0.0009864669634632
2014-07-07,0.0005277786324906,-0.0072353897201665,0.0060263597743825,0.0016165288253223,-0.0005267436692302,0.0106520312647569,0.0007032778175939
2014-07-08,0.0042682874761176,0.0025800299062078,0.0018867636626621,-0.0281189665228264,0.0071409798454649,0.0003199049522911,-0.0019712671960834
2014-07-09,-0.002974365142122,-0.0010578766323296,-0.0013126477989489,0.0225165026704774,-0.0036698086171958,-0.0078789789980053,-0.0052179202859039
2014-07-10,0.0042170833350188,0.0041151751341975,0.0022684107452445,0.0125041485931937,0.0055585734768473,-0.0099967579379008,0.0049942703335659
2014-07-11,0.0132380195879524,0.0007586558604807,-0.0032027501465367,-0.0101075795621532,0.0174788102952785,0.001300842781377,0.0041275392358376
2014-07-14,-0.0021510713516244,-0.0012070282517818,-0.0015059867839982,0.0003258464877098,-0.0023285937654524,-0.0022580546717491,-0.0041017439695946
2014-07-15,-0.0047304591327482,0.0035205222882717,-0.0015091118447538,-0.0098360405593621,-0.0088449574592766,-0.0294403057879115,-0.0055476439931492
2014-07-16,0.0008546203753723,0.0041064128223026,0.0018875479366254,-0.0108338783199201,0.0005246709948605,-0.0182119579640581,-0.0009995672718034
2014-07-17,-0.0004585246894124,-0.0006064183166559,-0.0041509664283609,-0.0202927050512442,0.0023746741151563,-0.0172530527096063,-0.0071581962909454
2014-07-18,0.0072208922028897,0.0019684623200451,0.0007544495507728,0.0241496939127094,0.0099737817148035,0.0223829062685299,0.0116564284485405
2014-07-21,0.0037827707042837,0.0047119251296528,-0.0015111072616663,0.0040268739028744,0.0065754865068379,-0.0251846871291824,0.0027111131142626
2014-07-22,0.003050515707935,0.0018139851008249,0.0036012594285604,0.0148563500161579,0.0049582105485937,-0.0006873009450682,-0.0031316899744215
2014-07-23,-0.0066314692644014,-0.0143093381077861,-0.0009442726409843,-0.0019756790132683,-0.0064867668412346,0.0006837763338006,-0.0085714067731584
2014-07-24,-0.0008264165725896,0.0015248318287442,-0.0001887900624253,-0.0159151042660736,-0.0007824407714523,-0.0116159940987535,-0.0034477497725211
2014-07-25,-0.0024292118680593,-0.0032021817415261,-0.0020785487426346,0.0013605753757264,-0.0028728286163858,0.0006963947855795,0.0005782150238635
2014-07-28,-0.0017363696126953,0.0003057822228805,0.0015154009276382,-0.0020304388321991,-0.0026095635416874,-0.0052246472766832,-0.0057845483304755
2014-07-29,-0.0075630775186009,-0.0114259598868656,-0.0056807999234314,-0.0016966148023588,-0.0075718256215193,0.0049037233183296,-0.01132402454122
2014-07-30,-0.0249600607966158,-0.0223961166512026,-0.0176873387749962,-0.0081190722413469,-0.0314382238880612,-0.0020883907726545,-0.0111535389351049
2014-07-31,-0.0299994453134995,-0.0501666893667088,-0.0233689772911474,-0.0268615781121204,-0.0163844481600647,0.007368388928865,-0.0189411515981675
2014-08-01,0.0149444223775616,0.0298357154517171,0.0129276360711956,-0.0055555504045366,0.0027602067370103,0.008359515364687,0.022335252904094
2014-08-04,0.006183941330817,0.0094339921173263,0.0039146753247625,-0.006608714228091,0.0063500699747313,-0.0003465082699358,0.003762793359625
2014-08-05,-0.0062919112200919,-0.0045395392009002,-0.0070257728056019,-0.0021023605944725,-0.0069041702933154,0.0065972409406566,-0.0007526046044613
2014-08-06,0.0143305823029981,0.0246449862942978,0.0177095932956207,0.056338042357781,0.0104845259927994,-0.0006915787590215,0.0162822523932005
2014-08-07,-0.0286351096927545,-0.0084247143630963,-0.0013631878657115,-0.0165453345916869,-0.0407549677926247,-0.0013774419513172,-0.0074063099419109
2014-08-08,0.0037750718850241,0.0142743099619337,0.0116800136518192,-0.004382979144821,0.0096755878911043,-0.0920138780809476,0.0117821513822004
2014-08-11,0.0073391627584704,0.0082161550046068,0.0080737824922997,0.0077440921322577,0.006190135068616,0.0243902208548369,0.0073670248970952
2014-08-12,0.0007091392417153,0.0,0.0044019051145708,0.0003370484953192,0.0005609156300285,-0.0223463826050377,0.0008781844095688
2014-08-13,0.0017291462261699,0.005816678640694,-0.0026570391591824,0.0217391093083728,0.0033631987348208,-0.0026515036301398,-0.0033557536308916
2014-08-14,0.0005162924086169,0.0,0.0053333100818451,0.0094086251509422,-0.0025146731010236,0.0208728360189067,0.0042360636781416
2014-08-15,-0.0043347694661124,0.0032776507799736,-0.0051010855130729,-0.0141773922274125,-0.0061111450195312,-0.0003687399916067,-0.0055112004385325
2014-08-18,0.001657958994656,-0.0023272909788472,0.0011335985819963,-0.0019847656913971,-0.0011086727687724,0.0270764644414173,0.003486820534432
2014-08-19,0.0037263231211634,0.0018648445909488,0.0043396140044592,0.0122923231626449,0.0041642895412377,-0.0049715692616136,0.0044889255567271
2014-08-20,0.0028955038234109,0.0069907865316361,0.0069745322753235,-0.0068988498073884,-0.001379289298222,0.0146690460186229,0.0027464937925423
2014-08-21,-0.0011607337638231,-0.0012315552983714,-0.0052336220429324,0.0046434924964649,-0.0022075559423116,0.0158673782054352,0.0051835943293108
2014-08-22,-0.0081443510085379,-0.0112255227009394,-0.0099549695207558,0.0026490040293054,-0.0058237074645665,0.0135181762388795,-0.0107419078097705
2014-08-25,-0.0012972021291029,0.0020086101817993,-0.0047080980637286,-0.007270301113366,-0.0002765022559569,-0.0054495859702297,1.1704725998358622e-16
2014-08-26,0.0043394207108037,-0.0023112715308501,-0.003386010265095,0.0163496757539072,-0.0019369035972995,0.0623946173784616,0.0030202659019058
2014-08-27,0.0046001749098336,0.008341070950661,0.0066149777949436,0.0059444647868364,0.0038782052704533,0.004452906719794,-0.0011484614821832
2014-08-28,0.0047351058306319,0.0054347587861539,0.0020722831925363,-0.0046403509875507,0.0030403706308378,0.0262991108286216,0.000720193742446
2014-08-29,0.0010730325492157,0.0037076757503956,0.0033834643344812,0.0046619842306795,-0.0035793245927191,0.0268947805803002,1.1662736495484335e-16
2014-09-02,-0.0099929431060837,-0.0021561587708366,-0.000749080793714,0.0179223674267637,-0.0151556688670465,-0.0083383733986338,-0.0027252214297125
2014-09-03,-0.0033035615558484,-0.0036905715558145,-0.0007465642807083,-0.0009819567936513,-0.0038931978090316,-0.0074626865671641,-0.0054418569790657
2014-09-04,-0.0065000575942348,0.0015424721779537,-0.0014936861277711,-0.0116693875494341,-0.010314997014284,0.0108140763127358,-0.0041762803187117
2014-09-05,0.0050879576723751,0.0064834544127768,0.0069223372610561,-0.0075483934171117,-0.0002801718772189,0.0398335367687382,0.0065133101966879
2014-09-08,-0.0049165353769677,-0.0075465556979285,-0.0005603771662514,-0.0085610873130421,-0.0050704311317123,-0.0251285281728243,-0.0023091883387971
2014-09-09,0.0026701050314773,-0.001552289303996,-0.0030002560775501,-0.0046588816373671,0.0088017475255374,-0.0153076372998996,-0.0085198027132221
2014-09-10,0.0001750573369441,0.0018657143524782,0.0022594413576675,0.0090301157594777,-0.0019624249626444,-0.0134529372997214,0.0056876096162193
2014-09-11,0.0103884715985075,0.0073186112078678,0.0015040765768044,0.0056647809062771,0.0156249779869216,0.0127971355133441,0.003201880710734
2014-09-12,-0.0080403118871253,-0.0102246883176778,-0.0071468359319958,-0.00763357280593,-0.0075864135039641,-0.01109774835607,-0.0074171338043305
2014-09-15,0.0026259410587742,-0.0042187571525572,0.0056732078479747,-0.0016683095831191,0.0039671121002108,0.0142553044769294,-0.0014603694306843
2014-09-16,0.0040542136126121,0.0050354004510766,0.0,0.003014070688153,0.0053748924924381,0.0053956925024734,0.0049728875856687
2014-09-17,-0.0159526950508534,-0.0056998196836808,-0.0232513271173218,0.0003349038405033,-0.0086762210261034,0.0005966723595028,-0.0077360788610541
2014-09-18,0.0072639683823566,-0.0026958766244901,0.0074744505699198,-0.0019980476829526,0.0098703411690617,0.0065321026932802,0.0029286417566399
2014-09-19,-0.007461237244945,-0.0072876915756771,-0.0033042173201488,-0.007656506077737,-0.0091667175292968,-0.0265017001014333,-0.0069838983484521
2014-09-22,-0.0115417631941883,-0.0059048664664183,-0.0087890772701935,-0.0026890730657497,-0.0140726151753021,0.0182039534431002,-0.0127827673875319
2014-09-23,-0.0077620419613053,-0.0096432381396148,-0.0029668022508826,0.00168637925978,-0.0102886708511683,-0.0175909402648448,-0.009678402180398
2014-09-24,0.0118323471318392,0.0105348088029857,-0.0009900839021892,-0.0016722153076404,0.0205439541741849,0.0133576945886536,0.0073628526115684
2014-09-25,-0.0109445624424804,-0.0056424065937253,-0.0073282379536903,-0.0236008350148568,-0.0127876375619022,-0.0161725344533775,-0.0122497709130199
2014-09-26,0.0006811384695108,0.0008103603961474,0.0031923354114505,0.0048309627056076,-0.0005802279389437,0.0188336203240406,0.0033247880730086
2014-09-29,0.0029821729468751,0.0070055441136046,0.0107806131739339,0.0097731480060615,-0.0020425939273181,0.0030148415537745,0.0107461644884537
2014-09-30,0.0034932759711624,0.0123253906130987,-0.0001981435139638,-0.0137930902941473,0.0020467746568027,-0.0155921039537652,0.0045045504298979
2014-10-01,-0.0086281198849775,0.0024793640641144,0.0054315120244695,0.0094306833977722,-0.0105541074145369,-0.0316879651995462,-0.024241482825749
2014-10-02,0.000736100201619,-0.0014800222094291,0.003201277488546,-0.0210069745106608,0.0050490642378285,0.0213769954083922,-0.0073529411764705
2014-10-03,-0.0087573315927455,0.0031147315853931,0.0011902672777752,-0.0127673891555975,-0.0152386083352127,-0.0125038071352402,0.0079434136432377
2014-10-06,-0.0029754070151525,-0.0079752258255506,-0.0003951878585745,-0.0160783286266287,-0.0008709025639967,-0.0305272822017258,-0.0091556063910844
2014-10-07,-0.0074246148909821,-0.0093827110259128,-0.0045625777213354,0.0014260576333454,-0.0076068500265957,-0.005793379689211,-0.0104304258506796
2014-10-08,0.0141073785857966,0.0156197843459988,0.0070281585176789,0.0078291569525945,0.0159527604097287,0.0029135692575651,0.0181952801757048
2014-10-09,-0.013306873522099,-0.007037648378304,-0.005779213108084,-0.0084596993784679,-0.0186643153269392,-0.01421649509568,-0.0079109419664187
2014-10-10,-0.0060266192306425,-0.0082236843137199,-0.001603488020367,0.0067978039900778,-0.0077036539713539,0.0003298228556231,-0.0035366616800901
2014-10-13,-0.0117739993699623,-0.0104425832752246,-0.0149910057625338,-0.0007106805561054,-0.0125749091154128,0.01616627448868,-0.0053325521990816
2014-10-14,-0.0072888208651078,0.003835883017815,0.0020235186670079,0.0233297923666683,-0.0129401237165002,-0.009661811414877,-0.0010362648654595
2014-10-15,0.0015228141240406,0.00520136545684,-0.0012202066468988,0.0119298299153645,0.0033782798223259,0.0115549179115959,-0.0088007750481475
2014-10-16,0.0021776774226956,0.0109983340551783,0.0088788003812965,0.0108126775415919,-0.0021759309545685,0.0411413336505918,0.0080756731810437
2014-10-17,0.0127002257635495,0.0124646837763589,-0.0008108841281688,-0.0240715531215943,0.0181023096062505,-0.0182907581347127,0.0096298434917969
2014-10-20,0.015268145894987,0.0216707616552569,0.0125760434377187,0.0155147608335518,0.0147874169986017,-0.0057915156247632,0.0140298871851681
2014-10-21,0.0045037424042109,-0.0012948853664307,0.0047789298673012,-0.0017360846661484,0.0072748666735044,0.0209272256827627,0.0013232809155092
2014-10-22,0.0043960720413071,-0.004812307287877,-0.000395109802167,-0.0177948440892222,0.0074316291479161,-0.0333853266862778,0.0004395425538002
2014-10-23,-0.0035114803083176,-0.0107354297481718,-0.0062955636040519,-0.000705732450811,-0.001463677906437,-0.0019224436944066,-0.0049583832492897
2014-10-24,0.0055774151386155,0.0022653623200126,0.0096952484149835,-0.0345435819737338,0.0046769906955282,-0.0076824511164067,0.0100979773675069
2014-10-27,0.0097004808002413,0.0025831425728045,0.0031372519100413,-0.0427631597292902,0.0137186586027273,0.0058214846290956,0.0053787286183697
2014-10-28,0.0089420043669172,0.0052867965513472,-0.0011663600349048,0.041571326511543,0.0111747671231259,0.0258148160799523,0.005476253880392
2014-10-29,-0.0091437078555769,-0.0020766334917995,-0.0101127316527298,-0.0299379230776517,-0.0116015802388751,0.0053408757996048,-0.0060223427274222
2014-10-30,0.017012168689009,0.0284246096796516,0.015794653760312,0.0052849902173679,0.0115075243151295,0.0028364372482289,0.0129041521516065
2014-10-31,-0.0131199174072105,-0.0083721072174781,0.0009631908535449,-0.0077519745529136,-0.0191933915650308,-0.017033172152829,0.0031205846908244
2014-11-03,0.0075754959571353,0.0072281440742357,0.0126923047579253,-0.0018587077237766,0.0056802263033188,0.0037664447453204,0.0067939945813482
2014-11-04,-0.0048628693528753,-0.0035976777903708,0.002655527056275,0.0081936428390638,-0.0132394710057219,0.0158629439320597,0.0161770876954875
2014-11-05,0.0183760999513209,-0.0071540105340219,0.0007528157354786,-0.0121502181723134,0.0248276283001075,-0.0599812018001176,0.0056794018402703
2014-11-06,0.0090039688963391,0.0082812309265136,0.0011276334208492,0.0051910011331645,0.009066670735677,0.0495841693237449,0.0037190671919529
2014-11-07,-0.0019828770977214,-0.0010983790260006,-0.0019432272813869,-0.0018615466594556,-0.0021142132857316,-0.0264878831904264,0.0016520202036115
2014-11-10,0.0012458122319699,0.0051911567191898,-0.0083820723503078,0.0191801514086189,0.004772012177905,0.0114748620390812,0.0042628926483778
2014-11-11,-0.0019340877686411,-0.0039062500000001,0.0027542668621921,0.0003690121306666,-0.0044807109936382,-0.0143476278838465,0.0028763056886481
2014-11-12,0.0063060143685034,0.0047333422531522,0.0071146367827596,0.0093388119434079,0.0058354748422744,0.0265757672626582,0.0061830803130589
2014-11-13,0.0009749771884778,0.0037759260318452,-0.0021522326166689,0.0003686696616446,0.0023597313588925,-0.0119442173289018,-0.000545715059508
2014-11-14,-0.0032649705091971,0.0001567732970233,-0.0033340258491177,-0.0118255617568274,-0.0026136559986415,-0.0036999227950427,-0.0100982242917095
2014-11-17,0.0075881895757213,0.017971521816175,0.0104289410169132,-0.0059679168444355,0.0055031206842865,-0.0010162834071914,-0.0004135480964744
2014-11-18,0.0093149773860219,0.0061349930153591,0.0033061452683065,-0.0015014643053729,0.0144167553096282,-0.0010124461743692,-0.0013773894796532
2014-11-19,0.0075551095118497,0.0039616356408871,0.0101166659071906,-0.0030075158856683,0.008771934141158,-0.0060872609750918,0.0039994608603444
2014-11-20,0.0019376431166886,0.0006097700679539,-0.0034735682407532,0.009084018562646,0.003350543058544,0.0518417624005635,-0.0022066426340571
2014-11-21,-0.0095378286750321,-0.0114751939862448,-0.0072755326717539,-0.0051986404776063,-0.0104034470692601,-0.0124680718809438,-0.0037102742273128
2014-11-24,-0.0055365354420733,-0.0074683410945162,-0.005599554168774,-0.0177777608235677,-0.0048493778772095,-0.0336787252734141,-0.0006882732375443
2014-11-25,-0.0017276410777606,0.0012296623740669,0.0029126509879398,0.0007448959955127,-0.0053888348111816,-0.01240774432164,0.0042728813997788
2014-11-26,0.0035193409791678,0.0018516085650758,0.0025134812519286,0.0196514905502083,0.0067113657787404,0.0044052578704954,-0.0038298287096065
2014-11-28,0.0024814192253275,0.0154813330671699,0.0118933228310248,-0.0124132953692723,-0.0055808578443611,-0.003041573238384,0.0150211446633361
2014-12-01,-0.0028641794550256,0.0036446145684245,0.0019037177068768,-0.0247781084914537,-0.0056122759291147,0.0081688796910274,-0.0029676729995893
2014-12-02,0.0052367061151479,0.0072617756129225,0.0049251433419984,0.0030154512489824,0.0051693142940921,0.0206290367482936,-0.0002706571704743
2014-12-03,-0.0018437010942791,-0.0004518356728915,0.0026464912213651,-0.0142268503853117,-0.0038640269721307,0.0029900382540624,-0.0063685799629777
2014-12-04,-0.0024009317597421,-0.0040687804396858,0.0009442726409845,-0.0216482983849542,-0.0028556752088353,-0.0099469243560453,-0.0049046403660447
2014-12-05,0.0008569920694958,0.0062131182812854,0.0022641307902786,0.0213260650459849,-0.0010379064498471,0.0134003220575695,0.0032836982513247
2014-12-08,-0.0029022828752033,-0.0039191215132379,0.0003780090308325,-0.0155185407353571,-0.0041666625274553,0.0092531620795647,-0.0028582970053562
2014-12-09,0.0062931661380076,-0.0012139883035248,-0.0058946828749106,0.0496154198279747,0.0131371513914573,0.0520936342789478,0.0052154440054174
2014-12-10,-0.0100797874771733,-0.0141509477769579,-0.0099028120298598,-0.0348405723742673,-0.0083268199917533,-0.0378071475817324,-0.0106455413543502
2014-12-11,0.0054878674339106,0.026621754093037,0.0074870299194856,-0.0019193565652552,-0.0106382936604166,0.012757585657237,0.0089494912633816
2014-12-12,-0.0079998835664199,-0.016041975169122,0.0007682885089317,-0.0026922959547776,-0.0127287073426096,0.0209355379796353,-0.0041219487138631
2014-12-15,-0.0189639534464944,-0.0259879427744417,-0.0132285013176282,-0.0204239179600499,-0.0205662522971987,-0.0092829388701475,-0.0089655382879848
2014-12-16,-0.0101947640125249,-0.0007794707804899,-0.0058331564316625,-0.0043103686668664,-0.0147702651871846,0.022779068446693,0.0005568056454123
2014-12-17,0.0033816914062142,0.0060511932989171,0.0128080703094695,0.0279968086508187,-0.0019406624734257,0.0161392475545949,0.0126266638818193
2014-12-18,0.0079876822426318,0.0096344587750173,0.0192380632672991,-0.0139939800211727,0.0043932913276696,-0.009898035613908,0.0106122282897534
2014-12-19,0.0173877738056268,0.0084515173640108,0.0057944181923554,0.0296382013599293,0.0213581262190554,0.0178124904632567,0.0215586583258219
2014-12-22,0.0037532962395405,0.0014981044812148,0.0079703484540295,-0.0030018733527648,0.0029419794636855,0.01836554399898,0.0041967173091698
2014-12-23,-0.000281901440194,0.004481556788497,-0.0027492947599582,0.0289909816734383,0.0,-0.0002990175187545,-0.0015605038257592
2014-12-24,-0.0021049112869198,-0.004752000478565,-0.0005520570337251,0.0040411687408674,-0.0026503704037725,0.0002989281680855,-0.0020836523011034
2014-12-26,0.0020945077518796,-0.0010435255353827,0.0007361228453261,0.0215328525840152,0.003188069442896,0.006853382980472,-0.0007831530388577
2014-12-29,-0.0022832759834242,0.0008968244727252,0.0016599068712953,-0.0138888671904583,-0.0040011074730109,0.0014836568524809,-0.0015779453223737
2014-12-30,-0.0032633301856178,-0.003738597124744,0.0009207962755628,-0.0071865168339107,-0.0053734754535203,-0.0041518204205308,-0.000263665107905
2014-12-31,-0.01749357570243,-0.0131201198796416,-0.0158700280023709,-0.0315298876953665,-0.0189035098924591,0.005092814964218,-0.0210803483788542
2015-01-02,0.0054823155834067,-0.0022854472461,0.0001883641528792,-0.0066225277098876,0.009881982084431,-0.0376118901950209,-0.0076489495504728
2015-01-05,-0.0103556385621493,-0.0150213942309661,-0.0022957514986388,-0.0317994910597223,-0.0128029805973123,0.0081249475479126,-0.0135685215930508
2015-01-06,-0.0083581310167579,-0.0012397618560061,-0.0080091186106819,-0.0116460070552648,-0.0104480963590249,-0.0165988312427169,-0.0082225361666961
2015-01-07,0.0215335582453763,0.0139785512048994,0.0127740354470829,0.0229661401449065,0.0256977159565137,0.00347443496152,0.0208849175316739
2015-01-08,0.0118567861446948,0.0109806812677143,0.0090412420579532,0.0049149019666096,0.0134807225112699,0.0006265807555095,0.0126038453866102
2015-01-09,-0.0061187404690988,-0.0107222815240837,-0.0104497363630624,-0.0097561062890617,-0.0024122259253605,-0.022229210392912,-0.0124388308217848
2015-01-12,-0.0035446278438227,-0.0075780535701875,-0.0043494617547389,0.0165413732235933,-0.002704957682348,-0.0016031145736782,-0.0040561847765931
2015-01-13,-0.0080091936192446,0.0003033248428598,-0.0060343145802437,-0.0110988211908332,-0.011335983200917,0.0060606230221906,-0.0028355264838688
2015-01-14,0.0103817337051874,0.0167607214619887,0.0095383444766357,-0.0066889745892396,0.0099475165518761,0.0178628216627833,0.0029875233911808
2015-01-15,-0.0015646690450019,0.010743080524723,0.005077105231558,-0.0063055702788662,-0.0065252276165008,-0.0200438266060615,-0.0044444691051135
2015-01-16,0.0080270232829464,0.0088863467616484,0.0016879248518942,-0.0067466380478587,0.0117776040795423,0.0202506958664917,0.0047290699097246
2015-01-20,0.0052984703985098,0.0117354125457824,0.0147360736156155,-0.009377344389755,-0.0075066698397856,-0.0044164445939301,0.0148873477293136
2015-01-21,0.0043128017852297,0.0046572507508086,-0.0003696237269946,-0.0090737872039337,0.0075943206429549,0.037885980021965,-0.0053063665568949
2015-01-22,0.0048126882567802,0.0093943326138024,0.0068002009359013,0.02723144095353,0.0040064511586786,0.0110294306704469,-0.0030500377372235
2015-01-23,-0.0126770769411135,-0.0109447308397169,-0.0021945671399972,-0.0018415925511256,-0.0178144635142114,-0.0009060337887004,-0.0108014079432998
2015-01-26,-0.0008958440232701,-0.0028952601669851,0.0082568947328339,-0.0055555414270471,-0.005978190504534,0.0069676876288587,0.0035106959870578
2015-01-27,0.0008982031854729,0.0020500715737521,0.0137969093373627,-0.0102001721729859,-0.0030394252508513,-0.0039548907101384,-0.0092391347727386
2015-01-28,-0.0084942457715198,-0.018213609937712,-0.0209992724867039,-0.021631866663086,-0.0113637372866338,-0.0192073500844289,0.0143987058891949
2015-01-29,0.0060480838930412,0.0008917592104981,0.0005597499038853,0.0234833815806703,0.0078962944507448,0.0177293831344114,0.0102977714651304
2015-01-30,-0.0100600723495938,-0.0220697253417867,-0.0133483568867048,0.0019357041118169,-0.0062041007243621,-0.0255227525222221,-0.0088851784047565
2015-02-02,0.0130742056354891,0.0124904748783743,0.0079771729681503,-0.0135238982021174,0.0147558631753456,0.024305569771029,0.0166597009144912
2015-02-03,0.0030230365296714,-0.0011988884614131,-0.0035547696668694,0.004702152418977,0.0064191886821781,0.0280086118929078,0.0060289776894058
2015-02-04,0.0021967445740345,0.0012019506308463,-0.0011260803297364,-0.0023355925279748,0.0030632305992473,-0.0060131376528877,0.0050464095488553
2015-02-05,0.0048244969394432,-0.0010432145516548,0.0024404180025923,0.0381768422019349,0.0069425162913852,-0.0035809888957125,0.0016259500301557
2015-02-06,-0.0061768803101712,-0.0073418921104809,-0.0018775530843502,0.0277050431984845,-0.0096524680177174,-0.0220828976674109,0.0059539215551657
2015-02-09,0.0035499074180876,-0.0039357329162074,-0.0011308211786292,0.0003672504241626,0.0081874909802112,0.0054861413484215,-0.0048563418816929
2015-02-10,0.0062551317945076,0.0024186852460199,0.0024482311083038,-0.0209404742543311,0.0078807375067318,-0.0075757575757574,0.0054119047039017
2015-02-11,0.0063003882601676,-0.0016563861509667,-0.0039347777529594,0.0105660636470002,0.0087864779135092,0.0067421820044263,-0.0051109248314272
2015-02-12,0.0031507222014737,0.0068395150704813,0.0072312288036579,-0.0178770776691532,0.0,-0.0081497268052768,0.0080032057531346
2015-02-13,-0.0026842589006534,0.0095847013329625,-0.0034181600018485,0.0079635600223499,-0.0096930699048936,-0.0366412446699071,0.0091941632449064
2015-02-17,0.0066264818189812,0.0058879524345376,0.0001910628928597,0.0078799622824483,0.0095109319585494,0.0041374653230723,-0.0006701025183236
2015-02-18,0.003058044588427,0.0147947867665567,0.0103171745119044,0.0022388572760867,-0.0005411379399108,0.01170512257958,0.0200592068962825
2015-02-19,0.0034122191769077,0.0020421154324039,0.0107791165527775,0.015730339486616,0.0010825687334617,0.0146737820360742,-0.0044955222826648
2015-02-20,0.0001258104236282,0.0054909734892912,0.0011234108493247,0.0018382071933127,-0.0018898405262963,-0.0085995879049266,0.0082424236522991
2015-02-23,0.0050216478416412,0.0056311686005484,0.0020607082830739,-0.0011078540151413,0.0065306579174639,0.0095796524334607,-0.0059343870073919
2015-02-24,0.0007662225524616,0.0009379014764554,0.0009368416350234,0.0103512271550042,0.0005405958950806,0.0110463519075186,0.0022595135987067
2015-02-25,-0.0016146467192893,0.0117132596329597,0.0033733190239292,0.0055228136735268,-0.0067732322144004,0.0042372695450698,0.0023910774188969
2015-02-26,-0.0010494833607321,-0.0012355495143581,-0.003915772794843,0.0021993938574845,-0.0002722113165754,-0.0039191215132377,-0.001192579380275
2015-02-27,0.001596087743683,-0.0006198587757847,0.006361087890267,-0.0170846713720147,0.001355360202976,-0.04410873570324,-0.001192579380275
2015-03-02,-0.0009248695466273,-0.0012428433686673,-0.0020518673586868,0.0051584856354294,-0.0013535256881248,0.019539834252423,0.0002653790553172
2015-03-03,0.0006375295312776,0.0112429920426274,0.0013106102794271,0.0003675203681847,-0.0043478220306857,-0.0056057396996049,0.0015972680815792
2015-03-04,0.000233861250008,0.0041893605158396,-0.0024372153682667,-0.0022059327797065,-0.0016438732408497,0.0056657319037522,-0.0018672581058242
2015-03-05,-0.0041348389162078,-0.0103522582865924,-0.0013120842891528,0.0011069660101328,-0.0019137098419185,-0.0126063543744406,-0.0055887978764803
2015-03-06,-0.025228508713174,-0.0183846351377499,-0.0153002942879772,-0.0391143708863997,-0.0302863018547285,0.0070739328185211,-0.010907691417815
2015-03-09,0.0060545863204437,0.0007993483240669,0.0078709895605892,0.0184190890031395,0.005393091943734,-0.0025559081679251,0.0046265339116682
2015-03-10,-0.0120781341440707,0.0044921991187457,-0.0080444010019186,0.0064345221727112,-0.0159726569126042,-0.0077220003766828,-0.0133333790058991
2015-03-11,-0.0024999630939332,-0.010063854133773,-0.005003816899814,0.0170117998852769,-0.0005820854891848,-0.0068181522621589,-0.0045511215188586
2015-03-12,0.0133760166434056,0.0053243277426906,0.0142636439578703,0.0290908813476562,0.013024624395845,0.0140110882272091,0.0207109344513716
2015-03-13,-0.0063289909309947,-0.0003216445818779,-0.0060987171217743,0.0056537050079697,-0.0077630956653281,0.0234806742635699,-0.0134319591534592
2015-03-16,0.0013418763852737,0.0085058380294637,0.0013374034126891,0.0017831396372337,-0.0005758841931268,0.0141652641381977,0.0069328893643682
2015-03-17,-0.0034655661958284,-0.0012835204348545,-0.0032554955892106,0.0060714312962123,-0.0040579533231432,-0.0039761709085475,-0.0029074720214177
2015-03-18,0.0167210433058074,0.0138263762026184,0.0186934136078757,0.016387637934535,0.018319310244154,-0.0086436246523035,0.0072251859698013
2015-03-19,-0.006034184605299,0.0001592696871333,-0.0036032358876999,0.0218926852370944,-0.0094313179544022,0.0297599282109314,-0.0004141761586424
2015-03-20,0.0021375194907555,0.0174658986474057,0.0117357355744083,0.0079310186978044,-0.0037280544135348,0.0193379268489607,0.0049641564674008
2015-03-23,0.0099089256581669,0.0004693772661703,0.0054256484824677,0.0151411060613847,0.0129125045234542,0.0189649675671035,0.0031519216622105
2015-03-24,-0.0111851076523019,-0.0165625214576723,-0.0126206438696266,0.0122034105203918,-0.0129687872381979,-0.0456852954677838,-0.0054282541949044
2015-03-25,0.0027151038842116,-0.005981382980001,-0.0005579092252461,-0.0043333053588867,0.0058989580946916,-0.0145792090658845,0.0017136468807282
2015-03-26,-0.0123782307706304,-0.0070922105205439,0.0076592538158375,-0.0071065681859403,-0.0220238952984146,0.0013513178264603,0.0089274034596606
2015-03-27,0.01434630456833,0.011567097689373,0.0200334230033672,0.0105802519236554,0.0139759795943081,0.0118202791930619,0.0044162095950018
2015-03-30,0.0198307356432859,0.0250390991535909,0.0239869112139763,0.0087808248403393,0.0181311451476941,0.0039920439575974,0.0072295063931391
2015-03-31,-0.0001618008835106,0.0124347185474871,0.006759111440183,0.0047185503636144,-0.008516520887248,-0.0056403477019422,-0.0092509469839924
2015-04-01,0.0022979203904133,0.0074592456318843,0.0015960303876933,-0.0003350160386612,0.0022086696206871,-0.0016700448736566,-0.0049570162360991
2015-04-02,0.007371892809966,0.0071308384948366,0.0019489832216174,0.0413840311956319,0.0090909597242571,-0.0040214758250593,0.0066797923565557
2015-04-06,0.005009417279709,-0.0078137377703274,-0.0139033580870984,0.0280679055966987,0.0167628639896345,0.0057646686203244,0.0196716319021989
2015-04-07,-0.0018360326520412,-0.0031842167428371,-0.0116320026064184,-0.0126903430431819,0.0032537670392996,0.0067317660418232,-0.0043467650470346
2015-04-08,0.0060194462214204,-0.0037970840508101,0.0023339509216259,-0.0495177137182583,0.0091767924315579,0.0274155700102806,0.0002568602101493
2015-04-09,0.0030739872604277,-0.000305362109733,0.0077199335598912,0.0211171293935931,0.0029514518111214,-0.0123617164474942,0.0005138864004272
2015-04-10,0.0009836865702429,0.0010660933737446,0.0056970539425512,-0.0033333460489907,-0.0005343838600986,-0.0003277688891122,-0.0023097690808531
2015-04-13,-0.0029927478625789,-0.0044106603122029,-0.0007083569092019,0.0033422587304389,-0.0034778240877613,0.0052458966364626,-0.0034699479699004
2015-04-14,0.0067188551874621,0.0022925496741445,0.0024783038677411,-0.0033244807753776,0.0099731202641456,-0.0003258464877097,0.0037419472971271
2015-04-15,-0.0011414477442959,-0.0080669528754225,-0.0058118707899255,0.0026764779303994,0.0026701861704645,-0.0138843528369639,-0.0057685497412352
2015-04-16,-0.0021909525956052,-0.0007679788561461,-0.0026605449279379,-0.0019953264566446,-0.0026730412865268,0.0016441709079718,-0.0005159092861802
2015-04-17,0.0001612403172379,-0.0035593213735317,0.0041174282084361,-0.0047042805299635,0.0005412843667308,0.0039604238367976,-0.0068831010298295
2015-04-20,-0.0021861824807759,-0.0043183034409465,-0.0042335133106963,0.0117647187048647,-0.0016193673368213,0.0068852158843495,0.0003914245764064
2015-04-21,-0.0140088519162057,-0.0117610972443151,-0.006023031851066,-0.0178335833316378,-0.0153638738077527,0.0022690338398267,-0.0061293847004772
2015-04-22,0.0031702145271977,-0.0009369358593567,-0.0028383865610046,-0.0274430963137677,0.0054600261290612,-0.0009702680003713,0.005492325908733
2015-04-23,0.001736808349169,-0.0001566259964746,0.0055377166099676,0.0003438868262749,0.0016326904296875,0.0123017505867151,-0.0043109316511921
2015-04-24,0.0046958030223504,-0.004374356891884,-0.001416897230865,-0.009530251439584,0.0107054456871095,0.0060644920051165,-0.0070699258306555
2015-04-27,-0.001533686308965,-0.000942320721206,-0.0069099822667938,-0.0109103203428777,-0.0002717233321736,-0.0111146517628984,-0.0028965582639657
2015-04-28,0.0029449929987419,0.0001570581457299,0.0017856870378764,-0.0065045748943546,0.0035451615654927,0.006123062278589,0.00436279526332
2015-04-29,0.0172675882116979,-0.0036157764507063,-0.0078557157631593,0.0,0.0213777087975436,-0.0083843994505902,-0.0065824118750179
2015-04-30,-0.0092550575941095,-0.0022057568450583,-0.0043181300928402,-0.0055210438212368,-0.0110824823100784,-0.0218454540145833,-0.0026489662018831
2015-05-01,0.004171841391783,0.0074109308463095,0.0034228507863697,-0.0024263325441471,0.0031145276507642,0.0233411393225014,0.0074074761811003
2015-05-04,0.0035272592549517,0.0040707425376737,0.0021532196818665,0.0089996619721285,0.0031168553736303,0.0065188674576732,0.0071062104317389
2015-05-05,-0.010560732228259,-0.0269521021372997,-0.0066071237836566,-0.0147209315749593,-0.005966265805142,-0.0139384213892605,-0.0064211489902524
2015-05-06,-0.0019090881753918,-0.0059946532855984,-0.010025087131618,0.001040606546129,0.0007809108647587,-0.0162813420679261,-0.0036812883024506
2015-05-07,0.0131947484762012,0.0085687228118832,0.0068778473867012,0.0027845431597882,0.0145757782399807,0.0180921431352229,0.0117569276820045
2015-05-08,0.0020160527453254,-0.0060937404632567,0.0058992105676799,-0.0120689786713697,0.0035623255055032,-0.0203327130630704,-0.000777774942552
2015-05-11,0.0009477660435224,0.00694661549809,-0.0012468773705958,-0.0024305450235617,0.0,0.0088383452209477,0.0006505731376624
2015-05-12,0.0062759508618654,0.0028350367887856,0.0085837512991938,0.0006966373528896,0.0051138010692466,0.0069269304713172,0.0120182643013517
2015-05-13,-0.001463984923053,0.0006280564671039,-0.0024840203714037,-0.0048814291547679,-0.0012703057999293,-0.0043600527666119,-0.0042564405552758
2015-05-14,0.0114850093586521,0.007017068406513,0.0042403124547172,0.0045502649458825,0.0128982880557529,0.020516123707663,0.0164799640720045
2015-05-15,0.0069393085149573,0.0094398109629271,0.0063402715408797,0.0038381232008797,0.0067197724169476,-0.0048780442418829,0.0043043926633792
2015-05-18,-0.0028220698920628,-0.0067609469733649,-0.0008787882322827,0.0017452406657917,-0.0029910003758597,0.0079755260245445,-0.001516718180185
2015-05-19,0.0037364228699731,-0.009260664695828,0.0012326059816117,-0.0003502039159505,0.0062499999999999,0.013101776635409,0.0082320356308961
2015-05-20,0.0057004724413156,-0.0012438843834083,0.0022871405307221,-0.0073018424947855,0.0079325655333119,0.0006002538399417,-0.0048994899136238
2015-05-21,-0.0063844472816697,-0.002806365869795,-0.0022827228511616,-0.0045343271859316,-0.0083640870805732,-0.0096211578765185,0.0010087540804751
2015-05-22,-0.0021985665066217,-0.003754660053888,-0.003350354959907,-0.0013986333913918,-0.0012432384445598,-0.0087985717106393,-0.0048004657053141
2015-05-26,-0.0063445130495511,-0.0084985978556286,-0.0093788496733138,-0.0052502492170991,-0.0052304580619894,-0.0024607204087252,-0.0054575491836432
2015-05-27,0.0042683283632621,0.0014251805291089,0.0060573694302142,0.0024647780198749,0.004253143951801,0.0036866032165105,0.0054846976633519
2015-05-28,0.0057431479858992,-0.0009581213608613,-0.0017745958620926,-0.0017749107889645,0.0084724680672393,0.0156729658016033,-0.0003802126580066
2015-05-29,0.0205855736954995,0.0009568071147662,-0.0012451030470351,0.001420487064776,0.0256473720122007,-0.023361665022813,-0.0050697277331194
2015-06-01,-0.0163463141722595,-0.0007987098766657,-0.0005326487830153,0.0053097210099213,-0.0218749971343922,0.012673875324603,-0.0048291380229077
2015-06-02,0.0051279516843259,-0.0024069564604211,-0.0048102699559192,0.0173083638418165,0.0086526197161847,0.0083077063927284,-0.0017914188984639
2015-06-03,-0.000660401751123,0.000160651084165,-0.0062443974823407,0.0136841891104716,0.0002437425992595,-0.0072948835056439,-0.0028125954649678
2015-06-04,-0.0055210170242697,0.0040316079143189,-0.0059577183606018,0.0048712383703331,-0.0090709178297955,-0.0064555515632638,-0.0100012668375675
2015-06-05,-0.0078630611450434,-0.0082310898816815,-0.0082012169072223,0.011776869946509,-0.008178389810078,0.0024868459934174,-0.0054446224043096
2015-06-08,-0.000932196784158,-0.0026028931874857,-0.002202623584674,-0.0023956090509632,-0.0004991379564761,0.0028037432045501,0.0013054631346353
2015-06-09,0.0015351243308301,0.0008135248585316,-0.0016501677865257,-0.0078794602732742,0.0034929985841457,0.0034278781498444,-0.0036453429006201
2015-06-10,0.0028702661241952,0.004858287239847,0.0076824949279246,-0.0017123679144775,0.0012400604523557,-0.0187807485098544,0.0058700355693383
2015-06-11,-3.2548480963930474e-05,0.0008042955320978,-0.0007253112315613,-0.0121148660960686,0.0,0.0059598663443956,-0.0007771704788275
2015-06-12,-0.0054805402374268,0.0033915197897284,-0.0016360689935281,0.006331350799986,-0.0078450524060276,0.0194357632177917,0.0009102690953869
2015-06-15,-0.001363245260535,-0.0030704983536943,-0.0038454327435559,-0.0067256826215085,-0.0009962867747729,0.0034013794011302,0.0032649863000704
2015-06-16,0.0125390638364441,0.0108414561798374,0.0106402834143102,0.0021383241066644,0.0134328583402708,-0.0058443136425245,0.0155843759511973
2015-06-17,0.003302307361026,0.006730739722356,0.0034507559384323,-0.019162558895649,0.0027040464485337,0.0015408085018491,-0.000127773842443
2015-06-18,0.000900184027102,0.0054174659286317,0.0068505001812789,-0.0017933729758109,-0.0019546012816563,0.0006150202177779,0.0076423189121809
2015-06-19,0.0044246577048413,0.0039625931113544,0.0050134754099212,0.0350054584175957,0.0041595788618913,0.00550965152324,0.0030379476426523
2015-06-22,-0.0002186365094383,-0.0020462341557658,0.003192060775387,0.0129642228456785,-0.0029147179310606,-0.0117896971813219,0.0090577587124492
2015-06-23,0.0012659588629301,0.0014200086947168,-0.0001767424710472,0.0017391038977581,0.0024389871736852,0.0061013047708157,0.0
2015-06-24,-0.0001235966782035,0.0028467548075109,0.0,-0.0017457834541233,-0.0024283262112683,-0.0036440610620311,0.0035745214513136
2015-06-25,-0.0058403694304864,-0.0080467359992999,-0.0092949627331108,-0.0139567208883425,-0.0026704733994085,-0.0033484566442506,-0.0101953676916297
2015-06-26,0.0020304634792269,0.0009524933639469,0.0042335806011772,-0.0046132387050172,0.002438485562333,-0.0100426605272408,-0.0040347454133851
2015-06-29,-0.0035948671814635,-0.0015949328166111,-0.0081386956961616,-0.00144766592087,-0.0002447569622196,-0.0114303041116357,-0.0159586967465494
2015-06-30,-0.0038880968789793,-0.0027039632866782,-0.0113555603746906,-0.0021559276358916,-0.0038740883866296,0.0056005074235861,0.0055900242017663
2015-07-01,0.0225555082207125,0.0049441396303296,0.0357402260318905,-0.0104054864296632,0.0099514524228094,0.003687735971375,0.0171289311055853
2015-07-02,-0.00197279189942,-0.002370066735804,-0.0022735408783037,0.0,-0.0043134509261998,-0.0119083783098758,0.0047750344895025
2015-07-06,-0.0014368979411879,-0.0023850804998787,-0.0056229080246389,0.0195156850990163,0.0014562513952114,-0.0353378035217959,-0.0041395111139182
2015-07-07,0.0137798881271957,0.0193958853912138,0.0209876298182838,-0.0056939446704641,0.0072323828440517,-0.0051430358171986,0.015117216164744
2015-07-08,-0.0059660731108157,-0.0039105271203909,-0.0059347206694796,0.0243902555826721,-0.0064779379987226,-0.0117608821683531,-0.0068596040117788
2015-07-09,-0.0101187530768629,-0.0108881747234566,-0.0083609047816077,0.0072941673426414,-0.0115025053319378,-0.0074943449196008,-0.0086164139064576
2015-07-10,-0.000176575595944,0.0001568610177269,0.000174679296606,-0.0020540728457014,-0.0024090213963998,0.0009720926345936,0.0070493144685738
2015-07-13,-0.0012398723021713,0.0010918685721071,0.000521808634911,0.009982820073791,-0.0026372719435641,0.003849882545386,0.0006206756110382
2015-07-14,0.0017436897908828,0.0004681917679197,-0.0043478260869564,-0.0020442747925912,0.0045575065402983,-0.0121289231309277,0.0012403680316836
2015-07-15,-0.0093977893564326,0.0,-0.0045557792697305,0.008990326009541,-0.012186340265904,-0.0058271385151305,-0.0091617914389632
2015-07-16,0.0050095013307629,0.0089159970608989,-0.0022743363971706,0.007159938369163,0.008894297119078,0.0025931903635925,0.0011178280400283
2015-07-17,-0.0005718722618075,0.0012447772714069,0.0015831161829996,-0.0064167690017267,-0.0016682482447938,-0.0109783713311637,-0.0033631869353743
2015-07-20,4.994550529122655e-05,-0.0021779619213921,-0.0026324624848489,-0.0013568184803193,0.0038415328103335,-0.0123056726390522,0.0
2015-07-21,0.0012706440046671,-0.004044837292595,-0.0029627392903107,-0.0148598623771656,0.0052568991332023,0.0049325754450157,0.0007488461874311
2015-07-22,8.335203271403417e-05,0.0056223741560956,0.0066375732421872,0.0229216588021433,-0.0035377717094501,0.0193760307981989,0.0038677174384538
2015-07-23,-0.0005244122083707,0.000311060071845,-0.0081667665028082,0.0073874851672904,0.0023797827946623,-0.0016128786148564,-0.0044742805673364
2015-07-24,-0.0008910280349572,0.0057659772033635,-0.000351254974465,-0.0166944903927584,-0.0023736597741044,-0.0196837887982194,-0.0002503350212011
2015-07-27,0.0043473137187266,0.0068493533007167,0.0063604349833359,-0.0236566664187133,0.0038213482563588,0.0029693221436383,0.0016312868545027
2015-07-28,0.0093745404995833,0.0015397399263208,0.0050646336714662,-0.0068681578700365,0.0111031747147493,0.0150326496319658,0.0132383859452202
2015-07-29,0.0078758558895006,0.0052235978862274,-0.0010425292682734,0.0105189071614787,0.011025038569783,-0.0163934496585044,0.0041944729524498
2015-07-30,0.0218713870462168,0.0134948208215435,0.0167539109468564,0.0076895948500921,0.0239765074698521,0.0118850674190103,0.0114701564402231
2015-07-31,4.309666475232415e-05,-0.0043635407692188,-0.0047871873133698,0.013893699402925,0.0024433720398284,0.0019474642755947,-0.0031602591156523
2015-08-03,0.0053558960718234,0.0021234550128988,0.0109795741910505,0.0658166718567756,0.0046378733399159,-0.0074409428460603,0.0028114333675277
2015-08-04,0.0082875665546376,0.0256800258942657,0.0015280161333839,0.0016302327008857,0.0046265496209842,0.0102074236870586,0.0089155273744605
2015-08-05,0.0100112582924628,0.0097059362074908,0.0054163792299684,-0.0025823087439683,0.011361163481821,-0.0025881567163045,0.0073556084421418
2015-08-06,-0.0289519654735406,0.011160090356232,-0.0035140410035284,0.0069033229436546,-0.0358392974482544,-0.0697596231343825,-0.0031067287447208
2015-08-07,-0.0108346567466662,0.0008712976773445,-0.0030359302141392,-0.000655752713563,-0.0149540855031646,0.0202020702439636,0.0058972862529855
2015-08-10,0.011993141671518,0.001887574389917,0.0028702006577148,-0.0094278580419208,0.0159807254238048,-0.0020964839808376,0.0079761686779203
2015-08-11,0.0002169672686916,0.0081584726627808,0.0028827906634946,-0.0128162795181472,-0.0023804503901954,-0.000352741754754,0.0060642347857759
2015-08-12,0.015302799130172,0.004080425066885,0.0056150759534972,-0.015328256858145,0.0217390830888625,0.0285714013235911,0.0064186489142599
2015-08-13,-0.0101350119044542,0.0015993110250632,-0.0008483074011794,-0.0132158382454617,-0.0132962198666123,-0.0139130302097486,-0.0018896425673188
2015-08-14,0.0079413010680006,0.0115991794722939,0.0052586523253895,0.0072338642613005,0.0078040451336645,0.0144112420533288,0.0075685833505963
2015-08-17,-0.0014187963989386,0.002015539756604,0.0035544867631043,0.0093263745526623,-0.0032361966800364,0.0020905736706411,0.0003530514165696
2015-08-18,-0.0010649855560697,-0.0028776539315422,-0.0037187495143774,0.0309418514836267,-0.000216601420413,-0.0097357678865496,-0.0028238365666771
2015-08-19,-0.0113683025975149,-0.0024595745310246,-0.0025562632089094,-0.0223979015647293,-0.0154616531529573,0.0053210221954078,-0.011482021569114
2015-08-20,-0.0168304311215139,0.0033582035933344,-0.0043051489807788,-0.014285717066106,-0.0211346106076759,-0.0021291506491348,-0.0140693331748003
2015-08-21,-0.0122887139395617,-0.012298739820679,-0.0227747107591375,0.002447541744425,-0.0091742597518451,-0.0125268566492362,-0.0207031099947875
2015-08-24,0.0172930102822452,0.0140366498073882,0.010940110314282,0.0175942464777914,0.0204280198056267,0.0090805814735902,0.0067707893542136
2015-08-25,-0.0274064273716855,-0.0250112064236375,-0.0189725716638383,-0.023622000970064,-0.0289139519455762,-0.022352531692459,-0.0330705420081998
2015-08-26,0.0032026649980617,0.010874508845477,0.002331439598789,0.0251377244911175,0.0011862214768804,0.0173624390839202,0.0124448935969459
2015-08-27,0.0072503036951141,-0.0025173726050389,0.0110045958502946,-0.0077207600710437,0.0077774691016714,0.0141817959872157,0.0064918807545798
2015-08-28,0.0084376755798795,0.003893413312117,0.0091856642317116,-0.0081939798895522,0.0084825782752264,0.0079193415376787,0.0107499491261126
2015-08-31,-0.0052245879836977,-0.0077844947410861,-0.0005283076863964,0.0340231254144936,-0.0074976497782595,-0.0089221982839309,-0.0006303170377367
2015-09-01,-0.010432333610784,0.0061246599423013,-0.0057296276377249,0.0027643373265286,-0.0163108737724959,0.0065813639000068,-0.0117152449159066
2015-09-02,0.0145196468117376,0.0096822905358915,0.004241743655049,0.0143934226148533,0.0200290023783863,-0.0035906779210051,0.0109806002771013
2015-09-03,0.0150048523519754,0.0097480732289147,0.0144391562177279,0.0074830348148868,0.0164551186618319,0.0111151444989299,0.0083102956097454
2015-09-04,-0.0029749851437516,-0.0022478872820756,-0.0061467945655502,0.0201433331101907,-0.001641643898363,0.0007166054415269,-0.0056804414378008
2015-09-08,-0.0037231811429433,-0.0004442103232537,-0.0008739597598441,-0.0346649426435284,-0.0083160222392705,-0.0130235457188313,0.01365910145622
2015-09-09,-0.0295342143132555,-0.0243326051598605,-0.0294015073098108,-0.0257017327265939,-0.0338241471921948,-0.0007074799235873,-0.0183114838745246
2015-09-10,0.0104685495862558,0.0049985132964912,0.0032310233016312,-0.0181374417990893,0.0143609934501882,0.0071073478065897,0.0017517441548544
2015-09-11,0.0061453177100973,0.0123923185358203,0.0127331944143142,0.0143317671342575,0.0023484844955587,0.0095575383279177,0.0113834876772971
2015-09-14,-0.0068642500106484,-0.0038810944189708,-0.0049671595636397,-0.0221665694352998,-0.0102996823228791,-0.0133052929927307,0.0024721501170578
2015-09-15,0.0112754732010312,0.0123049175020189,0.0087111409505207,-0.0021994637749548,0.011767474235083,0.011319408901401,0.0077595422401006
2015-09-16,0.00277351427134,0.0139362858997245,0.0031612277751504,-0.0230768929806913,-0.001392054773036,-0.0048780938423476,0.0141393956578478
2015-09-17,0.008954101383131,0.0073131487481912,0.0052465763459148,0.0192090487207976,0.0108670802474711,0.0038461084453061,0.0019265024302904
2015-09-18,-0.0048611958226634,-0.0041341561318959,-0.0008830667256051,-0.0067289833710572,-0.009248590193732,-0.0084388103590489,0.0023044566214539
2015-09-21,-0.0017636249280115,-0.0026531940668858,-0.0028094792847874,0.0293453983778925,-0.0030246875174461,0.00175929756954,0.0053178928301485
2015-09-22,-0.0018318440476013,0.0014940755067254,0.0061641827464422,-0.0051508236967082,-0.0085005149616304,-0.0191015531228634,0.0020655912836162
2015-09-23,0.0041942570306673,0.0034298145736231,0.0040223774223294,-0.0265647581658191,0.0052305610751967,-0.007186516833911,0.0006060975970643
2015-09-24,0.0010607855226099,0.0035836622277877,-0.0041965006038214,0.0143395909723245,0.0016642818007292,0.0010909340598366,0.0108193455693634
2015-09-25,0.0057628013381587,0.0078297940638375,0.0050752698394303,-0.008895469799488,0.0068219460592274,-0.0039740104457656,-0.0004792250502259
2015-09-28,-0.0246561162231178,-0.017577472166232,-0.0312937218820302,-0.0063551430390261,-0.0219339686723395,-0.0297857457944279,-0.0206681229929522
2015-09-29,-0.011738278819305,-0.0007519255903431,0.0,-0.0120527195487651,-0.0171001704394221,0.0216984636602628,-0.0067285959962943
2015-09-30,0.008663876213743,-0.0067163723618236,-0.0001780962173477,-0.0022718465084831,0.0152763634281545,-0.0229173941801373,0.0042771412231386
2015-10-01,-0.0041281056853463,-0.0003019057020223,0.001789269814107,-0.0083396254872397,-0.0014194788890757,-0.0100110699773487,-0.0162541009901709
2015-10-02,0.0321286222667105,0.0232241419623318,0.0183453324776335,0.0099388467277669,0.0406115799845222,0.0169364233386539,0.0244467511070082
2015-10-05,0.0089749613132214,0.0036867719952943,0.0038596705386513,0.0026138795007247,0.0095737860466943,0.034605754177403,0.0213856816414686
2015-10-06,-0.0135948467323967,-0.0063253939973792,-0.0267342091828555,-0.0163873567153198,-0.0090292938616353,-0.0299690257890215,-0.0028161593326265
2015-10-07,0.0044880097537131,0.0067886521542286,0.0026993256559774,0.0283018867924528,0.0049875587771244,0.0266429843752571,0.0019592949490532
2015-10-08,0.0187864294406798,0.0156960499276007,0.0149146090494076,0.0036509815150823,0.0214157067147956,0.0038233820386766,0.0165847475284369
2015-10-09,-0.0005478831770929,0.0036132387798614,0.0033676435230872,0.0134155489578291,-0.0044247955655664,-0.0013840487441759,0.0026569273333368
2015-10-12,0.0072124367998715,0.0063410065611254,0.0115003132681743,0.0221034173296601,0.0060294878321546,-1.4397798048536986e-16,0.0038540250455116
2015-10-13,-0.0028564749534491,-0.0015834260604384,-0.0054481786463577,-0.0083798804550571,-0.001336333435455,-0.0034746483350893,-0.0069762068235821
2015-10-14,-0.0013033050528391,-0.0083778969078527,-0.0083097809280653,-0.0063069481219902,0.0058453718279288,-0.0080195097555429,-0.0100495730531882
2015-10-15,0.0001685263956693,0.0033347212334109,-0.0008857260652751,0.0231254318934878,0.0008900960558455,0.0146955940313202,-0.0064367112323148
2015-10-16,0.0128823813463962,0.0043172119870538,0.0067184802721276,0.0109215566725371,0.0164042973566203,-0.0075757993721512,0.0069427491524726
2015-10-19,0.0076291692176526,-0.0017209628682758,-0.002288348265669,-0.0104447258340601,0.0135370948081387,-0.0031206710163561,0.0014545787464489
2015-10-20,-0.0121477663325177,-0.0096208813155863,-0.0017637087737699,-0.0166837475132869,-0.0174005923065381,-0.0117443918351513,-0.0008493047364638
2015-10-21,-0.0043486104643889,0.0070890891825631,0.0054702908647859,-0.0446675569828676,-0.0093722819347231,-0.0087290504653558,0.0048467409644414
2015-10-22,0.030148309885336,0.0287143162318638,0.0344044931618918,0.0147854256826665,0.0296117233955406,0.0010518505895994,0.0263947764596513
2015-10-23,-0.0086906918630601,-0.0047196552327065,-0.0151949640070462,0.0226468288911885,-0.0074659189599807,0.005567148527708,-0.0073427139907263
2015-10-26,0.002243968873163,-0.0029264085593809,-0.0025658178845486,0.0044967509097676,0.0058027179206333,0.0038220535225342,-0.0010549330730998
2015-10-27,-0.0028891968549538,-0.003506803153169,0.0034471003337038,0.0220310262927851,-0.0044862826961961,-0.0275357581325083,-0.0043662393971536
2015-10-28,0.0019581470480185,-0.002531649916157,-0.0063259144463019,-0.0033512192010177,0.0051993431382183,0.018155935425826,-0.0020125271278395
2015-10-29,0.0009315022194337,0.0046701696087953,0.0025848962439134,-0.0127859747491934,-0.000863577629337,-0.0123544081331556,0.0068998554354036
2015-10-30,-0.0027596782625346,-0.003673384299443,-0.0001720289352538,-0.0023931519598023,-0.0025928896942503,-0.0003574063275712,-0.0062714325630061
2015-11-02,0.0011949991962839,-0.0015554384679416,-0.003437620520632,-0.0133378725274019,0.0017255827287363,0.0488413859713517,0.0023711272229375
2015-11-03,-0.0009703263734939,-0.0042410197013109,-0.0065868826913446,-0.0138744231560459,0.0019434279835673,0.0061349796946031,0.0084262884698809
2015-11-04,-0.0087616949381766,0.0038000897864461,-0.0038253766723462,-0.01469559403132,-0.0181895673538972,0.0149253914820189,-0.0001174994959184
2015-11-05,0.004864224218709,0.0109297576505468,0.006462863439035,0.0007059815678622,0.0004361198756538,0.0353215414147925,0.0077465221332145
2015-11-06,-0.0148714277917486,-0.0159350788580775,-0.0127377338116159,0.0215167088111095,-0.0166520230433127,0.0319354764876825,-0.0153305746679806
2015-11-09,-0.0045815622384221,-0.0028081943707114,0.0008868257558231,-0.0493273651764718,-0.0067128943002751,-0.0200124890184311,-0.0055938301605177
2015-11-10,0.0051193426089345,0.0010407328665028,0.0065730844886646,-0.0032727328213778,0.0054115374684135,0.015364902232813,0.0040743436754831
2015-11-11,-0.0032376879095177,0.002966546767556,0.0052788883933592,0.0,-0.008251537257486,-0.0125234693751414,0.0015458369223694
2015-11-12,-0.0136678475801123,-0.0129521384681193,-0.0086434622621188,-0.0163102849021637,-0.01489841667672,-0.0038277779194008,-0.0183573837970176
2015-11-13,-0.0052263317084201,-0.002565737894036,-0.0058781264685632,0.0063056410262215,-0.0052873457985362,-0.0235256665623968,-0.0057149955363772
2015-11-16,0.0152079140651954,0.0127100017223568,0.0214630793456349,-0.0047812087371016,0.0126408428631361,0.0190915055868426,0.0187110978537765
2015-11-17,-0.0108469637630884,-0.0134469075418384,-0.0155922070041262,-0.0018389534176928,-0.0058984148237327,-0.0260869399628064,-0.0080354784242678
2015-11-18,0.0109713591602569,0.0013590506830508,0.015994272327351,-0.001464628669385,0.0118289460553547,0.0190288691737789,0.0197471322021068
2015-11-19,-0.0027114276333828,-0.0027006796857444,-0.0066329387684166,-0.0047636886681548,-0.000224227887396,-0.0055176916339084,-0.0024726137256337
2015-11-20,-0.0168392929054197,-0.0100119274847235,-0.0083872015739244,-0.0047515009216061,-0.0218116967634082,0.0045337208808911,-0.0108107894881463
2015-11-23,0.0099059620776349,0.0175100210099873,0.0151009762744587,0.0032967089781349,0.0045579024172992,0.0238478812356792,0.0090068992767081
2015-11-24,0.0021641224549536,-0.0086193771248338,0.0078233789874512,0.0212609937356043,0.0043388587060209,0.0,0.0054232384594163
2015-11-25,0.0052169308295541,0.0164561091207474,0.0044843418124049,0.011119131370967,-0.0004550729787594,0.0101426817721428,0.0057491240698121
2015-11-27,0.0058363799945098,0.0049324871084483,0.0013714728929569,0.0130465064852543,0.0079418760277914,0.0,0.0030313879725618
2015-11-30,-0.0136770798120983,-0.0085064008375613,-0.0138296291191989,-0.0363890486688233,-0.0171093730945835,-0.0171799248003853,-0.006475545400674
2015-12-01,0.0045650005447376,-0.0001441437717026,0.0010308858729766,-0.0176385802378226,0.0054445974092597,-0.0102242568952034,0.0124926990748616
2015-12-02,-0.0081077747114517,-0.0043359306427523,-0.006019925658675,-0.0113138492794991,-0.0108254294222936,0.0109999974568685,-0.0090392718857479
2015-12-03,-0.0219580103337333,-0.0047923588168698,-0.0107099488412784,-0.0084434487580351,-0.0296059950256904,-0.0148319301475373,-0.0108810142961658
2015-12-04,0.0311458268004319,0.0218404192390046,0.0179161375756694,0.0184501842421333,0.0389913167767939,-0.0010039752389374,0.0192148675967759
2015-12-07,-0.0027903658473579,0.0058488398150355,0.0030821969259026,-0.0050341385234432,-0.0090029602325326,-0.0080053293790097,0.0111059585534302
2015-12-08,0.0106467962175393,0.0081138746594193,0.0158374619819022,0.0014472111581276,0.0117267947079828,0.0071355447602809,-0.0048297858022897
2015-12-09,-0.0006197069956891,0.0058412312074943,0.0,-0.0046813491527648,-0.0025136380226999,-0.0050812878117968,-0.0004639939212634
2015-12-10,0.0054679029459226,0.0018414289748201,0.0032428507631706,-0.0007209970414094,0.0091784693523491,0.0010193265030853,-0.0102253924980514
2015-12-11,-0.0073761823142093,-0.0018503398642151,-0.0024039011042381,-0.0149580390257032,-0.0099629357436517,-0.0072339299639731,-0.0081618456817346
2015-12-14,0.0063052077486957,0.013112858051947,0.0039518821172043,0.0011111365424262,0.0058045043364614,-0.0034529860940055,0.0066642576071503
2015-12-15,-0.0035297749690839,0.0037900657012548,-0.0050976932003229,-0.0066079407741636,-0.0049729026301147,0.0140700019217487,-0.0039962853780882
2015-12-16,0.0141779554496542,0.0062920106090405,0.0069751591685387,-0.0648387170607043,0.0197816948826763,0.0010043112974226,0.0152725021195502
2015-12-17,-0.0107361241521916,-0.0002791657662035,-0.0117423641334402,-0.0172413793103448,-0.0109252593186211,0.0076437202083746,-0.0178385368106569
2015-12-18,-0.0090866702433113,-0.0068752334341129,0.0060070699956527,0.0122807151392886,-0.0143410212551489,0.0109343909996401,-0.0087656702181941
2015-12-21,0.0109808493746597,-0.0028069747121711,0.002269571768256,0.0253685213981042,0.0180984438307915,-0.0088091504445054,0.0065413345669091
2015-12-22,0.0086392962150779,0.0163311795304081,0.012480520676764,-0.0026666641235351,0.0051708530711186,0.0058938569885776,0.0051710243312154
2015-12-23,0.0114522645580787,0.009393566941693,0.0063193669804621,0.0013333638509114,0.0142412822408351,0.0152995192450673,0.0109404383314572
2015-12-24,-0.0035412060020147,-0.0002743400086961,-0.0033943814402153,-0.016605778474415,-0.004827764366391,-0.0019330338763296,-0.0001153515896216
2015-12-28,-0.0002285863396648,0.000549236777724,0.0006833091032071,0.0047345076460363,-0.0037577802240334,-0.0045603027204506,0.0100788084992799
2015-12-29,0.0083457301645047,0.0031386921501775,0.001871713620806,0.0066777579464473,0.0132890022999708,-0.0264015468671861,0.0021821803384886
2015-12-30,-0.0054413022858004,-0.0053003449299159,-0.0071210269956774,-0.0367549861691964,-0.0050284947200137,0.0190254212146577,-0.0075636448080643
2015-12-31,-0.0075630883149226,-0.0071438970452053,-0.0070604417008228,-0.0085528567880666,-0.0081840066219299,0.0033024594403394,-0.0070790370582994
2016-01-04,-0.002162903712616,0.0002794283207744,0.0109077925795278,-0.0162180579978787,-0.0068042466777571,-0.0399597215117343,-0.0020130038494791
2016-01-05,0.0040070848080439,-0.0027750374509373,-0.0083217673317738,-0.012851713354196,0.0082210688016658,0.0097391543181047,0.000236927046266
2016-01-06,0.0112258077327114,0.0100996102041893,-0.0012323890099376,0.0074283367906697,0.0152319367533257,0.0283613931525782,0.0040509512290523
2016-01-07,-0.02593909546563,-0.0101279171247452,-0.0105924621993982,-0.016991134238454,-0.0336896080877254,-0.0128338827683851,-0.001312656400306
2016-01-08,-0.0093334117648311,0.0019625319067841,0.0021751450165821,-0.0157086944113597,-0.0158463342912968,-0.0223932607192758,-0.0040491123299082
2016-01-11,0.007691386144097,-0.0016742726420146,0.0093879845368052,0.0186446923321436,0.0084683875783938,0.0208333471307051,0.0029815146636781
2016-01-12,0.0074526417031967,-0.0068093089216737,0.0028464659316512,-0.0031690194998865,0.0105565888552631,0.014874933576487,0.0106370584964727
2016-01-13,-0.0294290798836053,-0.0089460355249944,-0.0210657179332296,-0.0312829972980681,-0.0360959495543209,-0.0219853376864765,-0.0100303316046029
2016-01-14,-0.0018619762951937,0.0101480091849525,0.0001806707897657,-0.0014414744334177,-0.0045727708832183,-0.0064669377854408,0.0009417520179951
2016-01-15,-0.0017645393244843,0.0051201909095722,0.0086604241153251,0.0073773091511645,-0.0061637078780927,0.0031435611325909,-0.0033337157568574
2016-01-19,0.0044935568523689,0.0030977362869899,0.0021699626318321,-0.0115816034941689,0.009987816200541,-0.002069660793932,-0.0147878935842804
2016-01-20,-0.0048453546538126,-0.0094672629747956,-0.0038341990636753,0.0176861260272554,-0.0053803185127661,0.0045249241276221,-0.0003734442750289
2016-01-21,-0.0092871045163714,-0.0022818547610108,-0.0086096578016009,-0.003247861718252,-0.0120038674040379,-0.019263827720029,-0.0064757690248874
2016-01-22,0.012459512515106,0.0134446207048758,0.0104091221145516,0.0061129118863211,0.0124117381270215,0.0100276281954931,0.0154133690516088
2016-01-25,-0.0282408867657738,-0.0096909387863219,-0.008683059928288,-0.0142704786328985,-0.036664241458913,-0.0266758102856057,-0.0088170608426902
2016-01-26,0.0203711281535553,0.0122263385715915,0.004921626955154,-0.0082942497667917,0.0275844122603077,0.0259740181489345,0.0212213883596058
2016-01-27,-0.0051000590404963,0.0021002734489586,-0.0057908017470845,-0.0148443787944548,-0.0053217518115891,-0.0205268693419837,-0.0071272813069693
2016-01-28,0.0022039733801986,0.0090102790598605,-0.0025293476695196,-0.0094855976041305,-0.0062186588780301,-0.0086415484743452,0.0321450593608386
2016-01-29,0.0217041796600246,0.0046512171598133,0.0235464455464219,0.0113469791143926,0.0242394628964505,0.0214637793354683,0.0207704909397621
2016-02-01,0.0003801753560062,0.0036824419556764,0.0019447806397374,0.0285921440290563,-0.0021018251571535,0.0003474714608493,0.0037568516030588
2016-02-02,-0.004874703248038,-0.0090361946034568,-0.005702061669898,-0.0014128932862337,-0.0040360439994365,0.0115586666383403,-0.0047667479972299
2016-02-03,0.0164343748352779,-0.0017939130760682,-0.0048266082301038,0.0168835574071007,0.0221469111637736,-0.0311742812510014,-0.0073042612370087
2016-02-04,-0.0204288230742013,-0.00263808415534,-0.0046948741642434,0.0069444711193633,-0.0253780545082222,-0.0046745474024839,-0.0123129997242355
2016-02-05,-0.0060549917818141,-0.004434691075089,0.0045355588687317,-0.0062111907528998,-0.0076336115481596,0.0057699188623644,-0.0003491478111752
2016-02-08,-0.0160467693212036,0.0004208583026177,0.010701979705368,-0.055749140729495,-0.0249530532265409,0.0249908950183174,0.0272387398423763
2016-02-09,0.0178890952785765,0.0109019439672097,0.0115732260122623,0.0570370709454571,0.0231980163995115,-0.0060649330049763,0.0122748619628331
2016-02-10,0.0052136921865407,-0.0129544545663132,-0.0012464333157836,-0.0174478356780302,0.0090209648441576,0.0082054775812368,0.019258915044944
2016-02-11,0.0137630385908366,0.0164138267780173,0.010469277985245,0.0268836298753267,0.0142664537692596,0.0054034444270001,0.0097238751013473
2016-02-12,0.0020899228876619,0.0086102431573068,0.0128182525222371,-0.0256849308357518,0.0,0.0335474165364809,-0.0161290457597924
2016-02-16,0.0111048427557938,0.0114340347778894,0.0115789446914404,0.0161573938502175,0.0124223485977828,-0.0095076631372405,0.0014404127802545
2016-02-17,0.0064886620417848,0.0086551469918191,0.0025866133271268,0.0079557088706425,0.0083587090901976,-0.001018699010808,0.0045129737919166
2016-02-18,0.0021105938259054,-0.0006592223731201,0.0084322467496626,-0.0027397233430072,0.0,-0.0003404912698701,0.0030887895706976
2016-02-19,0.0018606985401776,-0.0011903712016743,0.0032462403104209,-0.0017182523626707,0.0005026503469082,0.0051072391639124,0.0132129151318482
2016-02-22,-0.0109258391001712,-0.0225105538110251,-0.0100067870038903,0.0044398619439204,-0.0074999809265138,0.0016875175776375,-0.0076973016144388
2016-02-23,0.0117100536791243,0.0077498255767998,0.0090924476063218,0.0180211047057228,0.0128917670330904,0.0053835750709528,0.0154166157470336
2016-02-24,0.0134515155578586,-0.000135207076346,0.0073466651997927,0.0298958473618812,0.0200200013861212,0.0242424005003033,0.0046501600464942
2016-02-25,0.0164906964223794,0.0103858143889929,0.0186314101806156,0.0080879974517674,0.0178703398825353,0.0075237011623284,0.0124811276333476
2016-02-26,-0.0214426067814309,-0.0151515802503233,-0.0174854163264089,0.0366441455249961,-0.0263221408164568,-0.019075336138589,-0.0059517226101563
2016-02-29,0.0008723846402237,0.0106499017210201,-0.0013575739121056,0.0224408106249583,-0.0002467226444149,0.0013197266985204,-0.0012850194979325
2016-03-01,0.0031834835621613,-0.0052306786805075,0.0020252984284347,0.0129090449549056,0.0082947094087703,0.0016281714718271,-0.006490058774506
2016-03-02,0.0082522495806734,0.0161027711426365,0.0064242982859723,-0.0047379284940259,0.0063477085459465,-0.0022845853857252,0.0032181443728264
2016-03-03,0.0124318538935207,0.0017400248294873,0.0050428513800014,-0.0017825720012779,0.0184825427035982,0.0013093589697643,0.0059013204910642
2016-03-04,0.0046120351517448,0.0052112110920229,0.0082063588340302,-0.0020846785498607,0.0038122430964615,-0.0016355655073498,0.0013858981789822
2016-03-07,-0.00016442476947,-0.0001334685869311,-0.0030100385864926,0.0298329351534476,0.0004795123040681,0.0180980965928062,-0.0020327638699567
2016-03-08,0.0034114719718445,0.0026794875385532,0.0104500069568553,-0.0382276206628669,0.0,-0.0084115247546209,0.0074264856830817
2016-03-09,0.0068454220890911,-0.0006644923821635,0.0054899020629953,0.0408039820264018,0.009626992376022,0.0026084096350519,-0.0007451532148712
2016-03-10,-0.0041128822843684,0.0005319270897691,-0.000990285082355,-0.000864628049985,-0.005726596977824,-0.0074241299430222,-0.0075243649838929
2016-03-11,0.0066751509637993,0.0003973348251242,0.0027919524609402,0.0120171147289551,0.0092923368669349,0.0232722085052145,-0.0014835157949967
2016-03-14,-0.0001096151124364,-0.0046481552367938,-0.0016396505339607,-0.075365584974041,0.0049965002443294,-0.022766466113244,0.0034046143429862
2016-03-15,-0.0013843394766769,0.0076489495504728,0.0098944969468583,-0.0109923850489026,-0.0069163108375067,0.0059985912271922,-0.0004264035451271
2016-03-16,0.0043650493209672,0.0037159759119707,0.00458188146785,0.068041844692726,0.0036084081544408,-0.0031567924189882,0.0122863412887431
2016-03-17,0.0057425964831023,0.0068493715095167,0.0034107371368122,-0.0207671601970483,0.0056719986822126,0.0212239254246262,0.009489683262665
2016-03-18,-0.0061124678371657,-0.0048346416188312,-0.0003235796362934,-0.0521536049893958,-0.0073099227672538,-0.0072364227604658,-0.0136828659684928
2016-03-21,0.0012845210969635,-0.0039583460632515,-0.0040617384743927,0.0228241018280363,0.0041954137962684,-0.0111150257727248,-0.0003185598373175
2016-03-22,-0.0125508785624219,-0.0110284587761806,-0.0052364537985295,-0.0274626319088153,-0.016025678103328,0.017247440117913,-0.0003190473973179
2016-03-23,0.0033363035132015,0.0094162578977679,0.0079299446872035,-0.0159265063847397,-0.0005005119675152,0.0031120384630172,0.0162230815279823
2016-03-24,-0.0023829916357254,0.0068063810777168,0.0092105490183898,0.0264633349029965,-0.0112612806118484,0.0100206980935411,0.0084799541086153
2016-03-28,-0.0012570593369753,0.0039803026592947,0.0069975638704161,-0.02487108475778,-0.0057978208432683,-0.0088949788899634,0.0092256595665661
2016-03-29,0.0136192116049825,0.0106888040596674,0.0164728760970026,0.0462732244865174,0.0151898347878757,0.0259875254379237,0.0069766916214978
2016-03-30,-0.0003969024569954,-0.0002602035584051,-0.0007891293651973,-0.0412249042674961,-0.0007409877192001,0.0070540504280673,0.0022104011192744
2016-03-31,-0.0042508821087342,0.0002613912554555,0.0022148298002875,0.0610873517857943,-0.0108481860579025,0.0013267302166983,-0.0022065556473666
2016-04-01,0.0291850180384429,0.0283978543373124,0.0327503578477054,0.007839734858592,0.0310000419616699,-0.0013289340538337,0.0127946465417498
2016-04-04,0.0032833327059651,0.0024396821790837,0.0055384709284856,0.0270736922137109,0.001944624021429,0.0107238503079051,0.0020895431290811
2016-04-05,-0.0030367916846794,-0.01399234847156,-0.0166743754243172,-0.0712065696870503,0.0081080592179718,-0.0010030319892529,-0.0116697164712811
2016-04-06,0.0166594111188644,-0.0028205284705529,-0.0043464574240216,0.0051468964555074,0.0353522936515235,-0.007994662473634,0.0078923278847068
2016-04-07,-0.0013083240859143,-0.0060582780305502,-0.0003167636673582,-0.0192073500844292,-0.0016830895543973,-0.0013518389767174,0.0035328401655316
2016-04-08,0.0100186436423594,0.0005180794715925,0.0015822543182584,0.0204334322910706,0.0151115636571792,0.0121334886897826,0.0032093039591057
2016-04-11,-0.0136444607470085,-0.0047828689718563,-0.0085146186758247,-0.0045509015578918,-0.0165616772139593,-0.0083167000812239,-0.0187232826834554
2016-04-12,0.0063395420484532,0.0037637024613485,0.0053865677810736,0.0164684629597443,0.0078441129890307,0.0067114351697944,0.0037552293835993
2016-04-13,-0.0064666780616886,-0.0107097010458667,-0.0119779689060994,-0.0433878999395316,0.000937667971646,0.0119521478410454,-0.0190669095589429
2016-04-14,-0.0127898117282016,-0.0029991309116116,-0.0090938049146301,0.0056162343045437,-0.0135704681393802,-0.0072012870326884,-0.0198449423146802
2016-04-15,0.0111887339827198,0.0135930059664036,0.0033740211890982,0.0235731477036742,0.0165406608692638,0.0019834534195833,0.0015803802623206
2016-04-18,0.0052653460106146,0.0015473257571299,0.001280993040514,-0.01555358712994,0.0105140367046969,0.0085301913643912,0.0003156105032477
2016-04-19,-0.0045703690014685,-0.0011585012801748,-0.0051036633322238,-0.0027829360594696,-0.0052886490700569,-0.0151907308529541,-0.0039845325770019
2016-04-20,-0.0060770769662756,-0.010704176183321,-0.0117043378986358,-0.009612386540849,-0.000925732848296,0.0052528483115517,-0.0147166397235869
2016-04-21,-0.0244749250830664,-0.0229316239248267,-0.0237090428021657,-0.022111522215057,-0.0258078781439657,-0.0238172773677618,-0.0223577652142877
2016-04-22,0.0056946673141699,0.0027973769192266,0.0054790276201692,-0.0174437403245009,0.0069211716054703,0.0159946530681588,0.0033898873519234
2016-04-25,0.009241994478949,0.0086493880596273,0.0105872519697436,0.0393802853043895,0.0061904362269808,-0.0019691325006393,0.0176721149660808
2016-04-26,0.0008738265232333,-0.0077724138956887,-0.0067081128039455,0.0174075662158912,0.0054412003724992,0.0138157921567188,-0.0061939538107131
2016-04-27,-0.0050605430108395,0.0109846725499303,0.0037766754757567,-0.0052179856994524,-0.0094807714712994,0.022446341548314,-0.002680965147453
2016-04-28,-0.0012278110700394,0.0073762539712144,0.0092256598279262,0.0003096414137416,-0.0070953895247832,0.0125321137252913,0.008424305427607
2016-04-29,0.0016794028048932,0.005234836766311,0.00458563336062,0.0030778229903068,-0.0004653433684664,0.0070265482100194,0.0074122082774796
2016-05-02,0.0188844212024783,0.0057143174208603,0.0102289505853939,0.0229102692243326,0.0259319931047511,0.0123338858933836,0.0034042520725977
2016-05-03,-0.0022056364525413,-0.0036302189714452,-0.0043604110311781,-0.0109355047289733,-0.000457781148829,0.0062971931407275,-0.0047847375123322
2016-05-04,0.0064116075237341,0.0061396939591342,0.0066851432442726,0.0021518505210879,0.0048320084881843,0.0037605431669877,0.0130481413978945
2016-05-05,-0.0025502570744213,-0.0111989256526072,0.0045307863665187,-0.0149071457162178,0.0009115109356536,-0.0595273092581821,0.0014789708877275
2016-05-06,0.0037704884710802,0.0014683350097426,0.0006444484569681,0.019390496179491,0.0045735368175863,0.0430207158950317,0.0071714860510899
2016-05-09,0.0082136837174316,0.0045332845052082,0.008358792242668,0.0258595167763706,0.0077378280203501,0.01302927511829,0.0142214854063791
2016-05-10,0.0133720794448808,0.0093840741489181,0.0135177872086917,-0.0032419867186026,0.0162455150194238,0.0146284375522456,0.0065749644865543
2016-05-11,-0.0038023179137292,-0.0009180287845799,0.0043935759611699,-0.0565925880714699,-0.0098126366015095,-0.0066435456190754,-0.004390446134949
2016-05-12,0.0083017662906062,0.0076902545425327,0.0092001246305012,-0.0053492785594993,0.0076387365852451,0.0142194338794277,0.0136382473014496
2016-05-13,-0.0050868843220845,0.0010375026640052,-0.0013930346143772,0.0028626002245259,-0.0071620343025636,-0.0123103435848543,-0.0043535518861025
2016-05-16,0.0048546620227504,0.0028567876197942,0.0027954699003261,0.0066351025071839,0.0061017052601961,0.0130435003750566,0.0042695756553682
2016-05-17,-0.0250176033464608,-0.0196282611496216,-0.0203732707794203,-0.0586022858297325,-0.0293985936471766,-0.0106353186790776,-0.0195340131352262
2016-05-18,0.0004655765659279,-0.0034528834753401,-0.0052615086835451,-0.0006664597671154,0.0072210894732662,-0.009612636570155,-0.0073981356198992
2016-05-19,0.0012983676333432,0.0054790327767262,0.0102761625271769,0.0006679542437646,-0.0066575047379396,0.005913683168071,0.01126315468236
2016-05-20,-0.0041861606401133,-0.0122307651424512,-0.0073120185278712,0.0053173760917494,0.0013857130334464,0.0020491714033048,-0.0067560703883617
2016-05-23,-0.0016793781632486,0.0014804926760894,0.0023981059585693,0.0122314327019305,-0.0043799547424609,0.0035149072650876,0.0010457903288932
2016-05-24,0.0109212295438857,0.0026864282852256,0.0115092059487017,0.0546394636286564,0.0130793866653313,0.0113043301347374,0.0080258142951024
2016-05-25,0.0007430620098197,0.0005354158214098,-0.0023995795106265,-0.019307417943386,0.0024937793885622,0.0092432034863382,0.0009314288507026
2016-05-26,0.0053104907818371,0.0070855448886832,0.0054373925991576,-0.0015600386349691,0.0047575688123341,-0.0140320128712175,0.007229879678254
2016-05-27,0.0033103843276972,-0.0065351489894104,0.0025514248086111,-0.0134248646336223,0.0096956103713666,-0.0515047026407172,0.0026661417676427
2016-05-31,-0.0074068339533294,-0.0014769146803658,-0.0028589629573259,-0.0188560775368996,-0.0062541607423262,-0.0297962773007761,-0.0093886946525331
2016-06-01,0.0076078780901069,0.0067204299696965,0.0063724344155578,0.0671140432303084,0.0074157714843749,0.0273327314269156,0.0015446558020402
2016-06-02,0.0055297849859764,-0.0033431399315455,0.0025368613950577,-0.0183128365416604,0.0098588083392032,-0.0033804734866824,0.0009270158685754
2016-06-03,0.00720476987386,0.007509689699417,0.0077531306622525,-0.0333130201488757,0.0048867440796568,0.016671840867645,0.0144211114490427
2016-06-06,-0.004178691587516,-0.0082513009265134,-0.001256644934797,0.0075259229557934,-0.0035335656299811,-0.0018126151468152,-0.0088423899987701
2016-06-07,0.004174648291657,0.0084530376107762,0.0053391384463134,0.0044289587771344,0.0030981015401703,-0.0060478005680403,0.0011252108014307
2016-06-08,0.0017240935938677,0.0121059423210858,0.0065624713897704,0.0261417899544783,-0.0044199063633028,0.00732605893661,0.0059057309485953
2016-06-09,0.0136096851523115,0.0216991255393577,0.0141237937048673,0.058768638016661,0.0075757607953677,-0.0018160221437168,0.0134656462109744
2016-06-10,0.0071164972749824,0.0099548065630352,0.0053797435697782,0.0147058823529411,0.0067083906277188,0.0054844700441652,0.0020077998897373
2016-06-13,-0.0166808507051363,-0.0141025445400141,-0.0026145521027714,-0.0034661737604574,-0.0227876676240828,-0.0091380759983399,-0.0089133640786095
2016-06-14,0.0019216878249667,0.0040485511274555,0.0061881424761114,0.0249203318510435,-0.0022665112543515,0.0138632401611714,0.0054633846169047
2016-06-15,-0.0039843551741868,-0.007543267468575,-0.0012313657003471,-0.0053520739918023,-0.0061223730704854,-0.0121284935334633,0.0041297710228706
2016-06-16,0.0118140323189715,0.0099646278966966,0.0144972624074154,0.0085202852843255,0.0123598290799035,0.0119926009888887,0.008532407655954
2016-06-17,-0.0025018580114521,-0.0025984743986586,0.0027426529439082,0.0044905933936468,-0.0042956958778069,-0.0181927981336901,-0.0021938693994932
2016-06-20,-0.0048940128897061,-0.00272478377195,-0.0013643165926896,-0.0039160668433129,-0.0071829337890989,-0.0048944586764647,-0.0031840765654151
2016-06-21,0.0032254535840603,0.0027230170772001,0.006810911916463,0.0168681045619575,0.001576214705353,-0.0024486691411407,0.0027846720119217
2016-06-22,-0.0045119855207173,-0.0003876813176748,-0.0028532035209558,-0.0198511500307689,-0.0056268286806847,0.0027692354642427,-0.0048679264388752
2016-06-23,0.0039008470465168,0.0011577562356366,0.0002995751770247,0.0097629652361356,0.0040295570305377,0.0027489354909557,0.0086682910944776
2016-06-24,-0.0046609586652153,0.0100759525112608,0.0073103213641162,0.0212585041369141,-0.0116904370972303,-0.0031181909080549,0.015699996948242
2016-06-27,-0.0057038269674632,0.0005209130752759,0.0054686404426276,-0.0231779335164657,-0.0119388726659004,-0.0100628837264652,0.0032570255827935
2016-06-28,0.0042398294051567,-0.0098803240370172,-0.0073961941701061,-0.0113668009886776,0.0135625465288657,0.0063270753473293,-0.0012726860584486
2016-06-29,0.0178781535237739,0.0129276291472752,0.0255403126518355,0.016761367607954,0.0177640923333803,0.0031153362483486,-9.737282040124264e-05
2016-06-30,0.0516381071932928,0.0524619695638501,0.0488235249238853,0.0066721672400554,0.0524976076538138,0.0316279211709665,0.0522836665558045
2016-07-01,0.0004892664113905,0.0019645877691366,0.0105351871650417,-0.0027488258901124,-0.0028735867217512,0.0102440544337439,-0.0102832426060419
2016-07-05,0.0019505656837571,0.0089538006606589,0.0031998242309708,0.0033095077809412,-0.0033295829904972,-0.0008941514151731,0.0093325588865111
2016-07-06,0.0061567905821228,0.0037727296445948,0.0040127428946707,0.0332516016998435,0.010733442064713,0.0132171407211874,0.0017843238732331
2016-07-07,-0.0034179666705333,-0.008078198440049,-0.0057979815596992,-0.0007897497412101,0.0004428935191718,-0.0026635143577794,-0.0073108891315776
2016-07-08,0.0064501478107577,0.0007265385960693,0.0009669801825447,0.0055103406221309,0.0103001839799269,0.0041127904195964,0.0072511218133861
2016-07-11,-0.0062700206115969,-0.0098181522253787,-0.0063650076911522,0.0151316981124564,-0.0049913920962258,0.0108567755870132,-0.008609378286455
2016-07-12,-0.0020223364117531,-0.0017145115449944,-0.0006996369232372,0.0307692503317808,-0.0013103597311934,-0.0055184032827446,-0.0095489698297361
2016-07-13,0.0037183362898682,0.0176319636793356,0.0062946508754167,-0.0116915724324169,-0.0050186198504085,-0.0029196634779881,0.0029538370367096
2016-07-14,0.0111131406115622,0.0279518035520991,0.0055794934141799,-0.0022556428357406,-0.0030554210078759,-0.0125620891301855,0.0010501251584874
2016-07-15,0.0021534638881873,0.006083966720951,-0.0031834374662089,-0.0052632303543578,0.0008820488836436,-0.001473165559329,-0.0008562835768482
2016-07-18,-0.0031797106498415,-0.0039557457819965,0.0012466592997233,0.0095935638035795,-0.0050384085267383,0.0100147318099339,-0.002377782018749
2016-07-19,0.0075526455193348,0.0162402976809992,0.0059548582000777,0.0037641538675672,0.0046286732226998,-0.0064159001116708,0.0026735297462238
2016-07-20,-0.0315545357077792,-0.0533946985980967,-0.0130764564030781,-0.0079999923706054,-0.0107315304446846,-0.0044040375757744,-0.0124358990329916
2016-07-21,-0.0012156761434381,-0.0001211602266306,-0.0069725283277581,0.0022675776190967,0.0008861523276077,-0.0002946137262357,-0.0020186396898666
2016-07-22,-0.002951048536848,0.0010873984648481,-0.0030795242607049,-0.0047643539698439,-0.0061660158607738,0.003840504401045,0.0039480372473143
2016-07-25,0.0085683519832394,0.0085748678539159,0.0067406735445143,0.0030348742818982,0.009931514778268,0.0058979877274967,0.0008631818373722
2016-07-26,-0.0087022159758375,-0.0080230604861781,-0.0051640298492999,-0.0002520699635469,-0.0098468436636083,0.0081751468407848,-0.0100458807509246
2016-07-27,-0.0218525614734594,-0.0165779617219314,-0.0130106360030768,-0.0015132754346012,-0.0289503065920666,0.0057904098910877,-0.0185507069463315
2016-07-28,0.0072326024399261,0.0054087578323217,0.011771297355183,-0.0010095179684088,0.0066074486115336,-0.0014442298845507,0.0023593969808238
2016-07-29,0.0022849484214758,0.0096435660789214,0.0098327984862527,-0.0065940181135717,-0.0018157473572659,0.0161569929531556,0.0023526895279251
2016-08-01,-0.0066587606795386,-0.0030259016181204,-0.0048625463627727,-0.0404430630388063,-0.0097927648979739,0.0034120771347663,0.0001957384724899
2016-08-02,-0.01059804326302,-0.0061907565409001,-0.008106244672486,-0.0293642290935415,-0.0135259093772378,-0.0115884633983691,-0.0066601402089946
2016-08-03,-0.0088297170994881,-0.0098912878816816,-0.0188414498809838,-0.0188417928041216,0.0027919714556263,0.0048460136850627,-0.0121193787903129
2016-08-04,-0.0064227804911091,-0.000242652497192,0.006999969482422,0.0099065512590335,-0.0152919334973467,-0.0093669605633062,0.0014927736014455
2016-08-05,0.0065454269153847,-0.0015692571120806,0.0007092631455009,-0.0144846918011639,0.0119270850385801,0.0094043321437001,-0.0051566507531794
2016-08-08,0.0017923921077212,0.0003619107192395,0.0019860887202608,-0.0279819572803516,0.0025397550719574,-0.0039548926076558,0.0014915136356178
2016-08-09,0.0002764054346732,0.0007236515836145,0.002544173924746,0.0046498066876377,-0.0011475611065125,-0.0005671197963214,0.0026833297127452
2016-08-10,-0.0009797098685932,-0.0008430651072304,0.0014092231596854,-0.0196361618308431,-0.0041237181874796,-0.0048090007435152,0.0063441654150794
2016-08-11,-0.0056580854073113,0.0034868452796915,-0.0004219237685045,-0.0250738127008483,-0.011683897328803,0.0096618404619609,-0.0019648745047433
2016-08-12,0.0013417257029061,0.0003592668179267,0.0001404511849577,0.0051082328689367,0.0016241229072488,0.0030847058559242,0.0013774044715577
2016-08-15,-0.0037577232998206,0.0001199584619806,0.0001408156610216,-0.0045220898239925,-0.0067052234804009,0.0164345439418039,-0.0045253229470491
2016-08-16,-0.0051730009118764,-0.00937169743159,-0.0009919185932681,-0.0039394263065222,-0.0058207216661034,-0.0030219946631966,-0.0092793920344304
2016-08-17,0.0012625565041075,-0.0021752302740276,0.0007090543305713,-0.0248937379784628,0.0023304235487459,0.0033177426778271,0.0055693440238435
2016-08-18,0.0067456175360911,0.0064250065828846,0.0100623456496445,0.0071098413533956,0.0058166589730723,0.0118261908129166,0.0020740650318287
2016-08-19,0.001501168439121,0.0022933306566759,0.0026662195666019,-0.0058786704363555,-0.0002321412027873,0.0019063097085288,0.0051312837107977
2016-08-22,0.0036444179236162,-0.0006016296423742,0.0004193873872336,0.0671665616562246,0.0046511805334756,-0.0002719891727347,0.0062812777846914
2016-08-23,-0.0038807031378784,-0.0042148178018102,-0.0064281595886865,-0.0485096372938703,-0.0025392569512115,-0.0027167151613016,-0.003793768269171
2016-08-24,-0.0043977248584967,-0.0037508189021776,-1.1910973287165781e-16,-0.027683720628971,-0.0066990277060337,-0.0062721449064896,-0.0055767508064756
2016-08-25,0.003906529966195,0.0052190837281375,0.0080485695747028,-0.0120865477627328,0.0013947320467819,0.0140805716274158,0.000196778611749
2016-08-26,-0.0036534302375492,-0.0050730542855512,-0.0065880798350836,-0.010325901813089,-0.0023169248024706,-0.0092441588872287,-0.0007890531054188
2016-08-29,0.0022633087431262,0.0072718271553363,0.0060571956348125,-0.0182470304185744,-0.0030112869801206,0.0087912000387338,0.0061035155149796
2016-08-30,-0.0050237229297415,-0.0075243050376315,-0.012326618026916,-0.0347402506924976,-0.0024525484815292,0.0098360826601156,-0.0053963445078914
2016-08-31,0.0055706603611064,0.0039076773380056,0.0036848376591077,0.0,0.0064833650457227,-0.0021709096246939,0.005522658285669
2016-09-01,-0.0200649425876959,-0.0023204056959562,-0.0079241201797545,0.0040595683829987,-0.0263623979352972,-0.0046208746782289,-0.006774617794295
2016-09-02,0.0016244727187852,0.0030424729897887,0.0052430600564275,0.012391122716739,-0.0006784846939372,0.0035229606515544,0.0052304230703608
2016-09-06,-0.0017597852664067,0.0010912615079243,-0.0019707121036627,-0.0225688156909277,-0.0024702585530433,0.0048780568491181,0.0011781145284013
2016-09-07,-0.0252715574716763,-0.0176291422278684,-0.036905586752988,0.0290399852468833,-0.0189018942066987,0.0061911045165398,-0.01130333742899
2016-09-08,-0.0058587902206505,-0.0073219651759524,-0.0019230363365722,0.0006639624786793,-0.0079564054435963,-0.000537357794404,-0.0057895970182454
2016-09-09,-0.0258957585473408,-0.0296892775666712,-0.0286695256674381,-0.0147650549655647,-0.0232072405769054,-0.0127440674373914,-0.0276008821742608
2016-09-12,0.0245961122846905,0.0239389040287704,0.0196922889122595,0.0171174260757094,0.0266384044528903,0.0212355348429899,0.0193387461473263
2016-09-13,-0.0073610861883365,-0.0059796594125617,-0.0133854627499302,-0.0213776442295711,-0.0065162342573832,-0.0151884343590112,-0.0010261516393295
2016-09-14,-0.0035235947994156,-0.0026820779780604,-0.0050143475748703,-0.0138552654745794,-0.0028129144939984,-0.0027411862767518,-0.0075788392912259
2016-09-15,0.0110779721400312,0.0063007009684337,0.0049064656368426,-0.0101861262793454,0.0151014481717403,0.0157371528330709,0.0137510526702722
2016-09-16,0.0036838581614935,0.0015403737463038,-0.0010726278353177,0.0290162663900536,0.0058602906913785,0.0048860017489206,0.0016719296469353
2016-09-19,-0.0006906344821257,0.0016657771898117,0.0024595853221951,0.0017223298614506,-0.0023272582261453,0.0159373350970382,0.0065796057798223
2016-09-20,-0.0096281379019945,-0.0165436882344797,-0.0076687120153843,-0.0403970706885234,-0.0101663271515493,0.0013248339914376,-0.0052718060584837
2016-09-21,0.0070867052931861,0.0025847064452808,0.0187325105115576,0.0195451725777755,0.002803058351678,0.0058201382313105,0.0012454877891281
2016-09-22,0.0001994004435422,0.0038501419251493,-0.0030647344635264,0.03835517216721,0.0006921730316395,0.0020899120586689,0.0003087247078537
2016-09-23,-0.0037399324075707,-0.0024390556827282,-0.0036985339193549,0.0187290793674567,-0.004153214225705,0.0036783863530463,-0.0043240829900313
2016-09-26,-0.0020582897258399,-0.0014193627142137,-0.0085336764686732,-0.022802396855207,0.0009372285670413,-0.0050091912781517,0.0019695494869078
2016-09-27,-0.0041021236071792,-0.003605542048513,-0.0021854416950357,-0.0531842706801623,-0.0053007500684871,-0.0189973929212507,0.0044275153728917
2016-09-28,0.0046067553950378,0.0056862555831483,-0.0010911877343599,0.0089702186032254,0.0067269986411855,0.0129032132363429,0.0035926758437639
2016-09-29,-0.0026258809571741,-0.0070684415836038,-0.006089042712934,-0.0021367331234116,-0.001157657759906,-0.0106695520931026,-0.0015378462627739
2016-09-30,0.0062967584989485,0.0003873809187903,-0.0006257368894843,0.0,0.0131548504670429,0.0142244395563442,-0.0011995476357838
2016-10-03,-0.0015572689006519,0.0005180794715924,0.0018821008428649,0.0253934554745955,0.0016014572475494,0.005545363218722,-0.0125305960782923
2016-10-04,-0.010922943839744,-0.0111673884754635,-0.0126840176252632,-0.0021023605944725,-0.0087276311466432,0.0161837355692974,-0.0154113297049975
2016-10-05,-0.0050926310284992,-0.0009180287845799,-0.0039929723297057,-0.0010467790232112,-0.0071527773926991,0.0079897262728527,-0.0063251824441022
2016-10-06,0.0027153164174287,0.0003950326354021,0.0041827271906602,0.0133239535297118,0.0025640277795315,0.0017838861322636,0.0026321329876196
2016-10-07,-0.0048339505599083,0.0036812883024506,-0.0043269303070721,-0.0079173682711463,-0.0097425650126697,-0.0116929100835908,0.0015720982153566
2016-10-10,0.0017002534471694,-0.0003921409058416,-0.0001601623075785,0.0196483864297501,0.0049030837145657,0.0,-0.0044908648060134
2016-10-11,-0.0105837665849683,-0.0054923259087329,-0.0052986195058679,-0.0054274033207794,-0.015123260076885,-0.0028306898770934,-0.0084245517067839
2016-10-12,0.0025125272162219,0.005920233332393,-0.0006433505228902,0.0122825184889503,0.0030747651813768,0.0185806766633064,0.0042548826379054
2016-10-13,0.000965528272811,-0.0036812883024506,0.007448233673438,-0.0114555306297823,-0.0014309890974079,0.0076471894101747,0.0053129316412415
2016-10-14,-0.0061777695672008,-0.0065798133182785,-0.0102531145213465,-0.0020401042588805,-0.0037905674219967,0.0093670615667028,-0.0029560681554938
2016-10-17,-0.0049832280000144,-0.0088554819707916,-0.011363621793766,-0.0034305448637522,0.0019088959996649,0.0095597752984964,-0.00105896932964
2016-10-18,-0.0043887445605141,-0.0010604696244119,-0.0053020858315443,-0.0068846423698239,-0.0054309220902775,0.006930662592117,-0.0006322324904959
2016-10-19,-0.0028577731508586,-0.0058378987046831,-0.0061339961813618,0.0226875960623002,0.000950366248095,0.0128078935297283,-0.0083157991108141
2016-10-20,-0.0044921344564963,-0.0098705862574427,-0.0090968382195973,0.0120275043601923,-0.0002374898312491,0.003176180482432,-0.0076295560002959
2016-10-21,0.0052563611274889,0.0043231519769892,-0.0013160360231916,-0.0171232872238345,0.0095670341555446,-0.0002445509989561,-0.0005341962209591
2016-10-24,0.0012151999753159,-0.0034880887179639,-0.0016396505339606,0.001730143427999,0.0042422885666069,0.0065693544473896,0.0011730896266347
2016-10-25,-0.0005059429615669,-0.0004040783965525,0.0021321510712688,0.0191637359735113,0.0025790572501517,0.0087209452760962,-0.0154998412565899
2016-10-26,-0.0085333062800294,-0.0016175056292362,-0.0058823628409098,-0.0137456911782374,-0.0093876166268614,-0.0106126057989655,-0.003861758966868
2016-10-27,-0.0099018632934035,0.0012151203949776,-0.004753271739195,0.0069444711193633,-0.0145902967971526,0.0009698617653296,-0.0089117057936444
2016-10-28,0.0108678464572546,0.0048471876480846,0.0134779699665949,0.0103270620408985,0.0116383270862117,-0.0043763749210142,0.008989935977641
2016-10-31,-0.003672039593294,0.003070703909927,0.0045380676796532,0.0051281920865051,-0.0086036441339501,0.000975156389102,0.0028243125185198
2016-11-01,-0.0106864014819698,-0.0054218943033284,-0.0085263639092325,0.0153583882135485,-0.0139906122695171,0.0,-0.011262924579508
2016-11-02,-0.0071686098248827,-0.0023913951534947,-0.0038948047375792,-0.0332225909410826,-0.0107937829786446,-0.0097703401221094,0.0003166235069566
2016-11-03,-0.0121589736772838,-0.0136017691975318,-0.0039113702099002,-0.0394511023526476,-0.0165758294064643,-0.0051787691349875,0.0002109265418954
2016-11-04,-0.002819691299593,-0.0036516670752736,-0.006551969143004,0.0141843832520726,-0.0011720402540877,0.0405405405405404,-0.0148797343850023
2016-11-07,0.0178333901693566,0.0077987653656071,0.0131083576562219,-0.0206896683265421,0.0243225178664275,-0.002827779075494,0.0014877724964781
2016-11-08,0.0256190161504084,0.0295652051434468,0.0299062149348171,0.0300353499782644,0.0244933974139053,0.0002585199427628,0.0162351317272799
2016-11-09,0.0006478980352135,-0.0071599168474878,0.0051266183740564,0.1093750558793559,-0.0011348853880909,0.0138961402144312,0.0110137558347289
2016-11-10,-0.0356049336471769,-0.0243083209891039,-0.0216276596238791,0.0546875,-0.0427038754849386,-0.0218060154977705,-0.0278161447995702
2016-11-11,-0.0105448114571397,-0.0030253192658155,-0.0008184520696621,0.0784024137779645,-0.0157706062479364,0.0245706827653281,-0.0004368820073608
2016-11-14,0.0030865668350239,0.0013806223070518,0.004431322114087,0.0150891419903551,0.0026627158556672,0.0113783931275069,0.0055798919881427
2016-11-15,0.0106178416933008,0.0092121289429507,-0.0027656089192547,0.0095109319585495,0.0180201830669781,-0.0101036000085179,-0.0033561240529436
2016-11-16,0.0055335051532687,-0.0025867232117872,-0.0011414235680985,-0.0067385447515418,0.0092504599397518,0.0140414367492584,0.0004355974597599
2016-11-17,0.0044455854866118,0.00520127149618,0.0006523306543772,0.002702661462732,0.0067915904062243,0.023162088133718,-0.0063057383114454
2016-11-18,0.0020782487279474,-0.0038172976840028,-0.0016297634912586,-0.0080536707935717,0.0039765653554457,0.0086783649449675,-0.0010953570665154
2016-11-21,0.0059840940160873,0.0043793580971766,0.0060398752321214,0.0216508584720501,0.0060861028582368,-0.0041862098273213,0.0074561439466023
2016-11-22,0.0085453207248995,0.0119548600206669,0.0121104472195088,-0.0132978728800782,0.0074280334545748,0.026035189421986,0.0046530966209403
2016-11-23,-0.0136767803934032,-0.009848938611477,-0.0150592543140549,0.0027099856364765,-0.0139210787787232,-0.0147986558051139,-0.0121474528661453
2016-11-25,0.0142491466709616,0.0061050682841688,0.009070254994649,-0.0067114093959731,0.0176346113690719,0.0012321151997159,0.0111744553692115
2016-11-28,-0.0048395509442235,-0.0016214395773309,-0.0006438683438153,-0.0013513307313661,-0.0071709779452609,-0.0192354819721919,0.0022783887234946
2016-11-29,0.002444419007517,0.0013602571828334,0.0065863429303149,0.0243243655642947,-0.0013978928507311,0.0095837891246978,0.0077912949115465
2016-11-30,-0.0304827119143997,-0.0171990458570754,-0.0223007085434283,-0.0026525805515811,-0.0386946337615101,-0.0212872143156712,-0.0168176493322757
2016-12-01,-0.0120952673804865,-0.0090769657916318,-0.0054169078508877,0.0026560018610453,-0.0120948233709354,-0.0025699942049152,-0.0228923818741171
2016-12-02,0.0029225128963076,-0.0008424145045676,0.002467473415407,0.0066312996005496,0.0043912291560865,-0.0002587874731071,-0.000336762221377
2016-12-05,-0.001964716441939,0.00617709941423,0.0021311650510695,0.0052769641211127,-0.0074988237094047,0.0121196811629101,0.0059510306964492
2016-12-06,-0.0070626690846778,0.0013913798566795,-0.0024518065565654,0.0393184781128378,-0.0095029088925014,-0.0048321116018218,-0.0053923789848514
2016-12-07,0.0205656833431146,0.0235277273874935,0.0285760932729585,-0.0114213387185754,0.0179611128656868,0.0119532356142155,0.0144575383486322
2016-12-08,-0.0094540091939443,-0.0033182011210874,-0.0035087913560786,0.020434207046754,-0.0140743407362003,0.0249622209348393,-0.0058721283264837
2016-12-09,0.0125370151712538,0.0131651455103933,0.0102301690473056,0.0351759184099498,0.0130403505799841,0.0007332872013875,0.012376749349914
2016-12-12,0.0161728741968538,0.0116519004670925,0.0130055464670367,-0.0048543873600934,0.0195984629979381,-0.0087847880520478,0.0112639542391681
2016-12-13,0.0046071449171327,0.0020324375376947,-0.0017227376395141,0.0146341091249045,0.008191020186471,-0.0004903274654267,0.0008544563054189
2016-12-14,-0.0105798693694754,-0.0137577104324716,-0.0161189760469253,0.0036319982723946,-0.0078757552075878,-0.0081280302650199,-0.0190669042170448
2016-12-15,-0.0016080554280398,0.0053410988355613,0.0120831320072092,0.0193236523568838,-0.0042316800656841,0.006920479494069,0.0019529164451738
2016-12-16,-0.0066525223629226,-0.0023141596932207,0.0098600337365316,-0.0544378517647466,-0.0111433031402348,0.0080665321995976,-0.0017278189562771
2016-12-19,-0.0004458409708866,-0.0054555582043619,-0.0106683446386775,0.0300751103346166,0.0024730353301174,0.0118845909266828,0.0014053757126265
2016-12-20,0.0084701004552878,0.0186291718643885,0.0063871500307405,0.0049019795754746,0.0088777461174402,0.0162561907892073,0.0035698203477365
2016-12-21,0.0102834703985368,-0.0008195268316357,0.0157929216805735,-0.0097561347775344,0.010358006891537,0.0187159661848453,0.0039849515634096
2016-12-22,0.0019986089867023,0.0049113314510692,0.0028901783671134,-0.0134803737094425,0.0026749650078485,-0.0177652721650146,-0.0042891005438172
2016-12-23,-2.08912308647554e-05,0.0,-0.0048030618228926,-0.0086740641228415,0.0024498171918969,0.0009499148645823,0.0021540611838832
2016-12-27,-0.0013380405770185,0.0038058825670563,-0.0019255284414697,-0.0037083194820688,-0.0017730057236525,0.0049821845046366,-0.0013951196929836
2016-12-28,-0.0047875682412117,-0.0052831128591264,-0.0035421223400608,0.0,-0.0057803095637888,-0.0002364787564301,0.001186886167343
2016-12-29,0.0059384838153229,0.0061215744138905,0.0105331637582614,0.0012406758810694,0.0031319773436003,-0.0042714833360913,0.0081798996542917
2016-12-30,-0.0106567536026923,-0.00391893129091,-0.0096199853198066,-0.0086634226633422,-0.0140123947118928,-0.0099880660300974,-0.0022450190551344
2017-01-03,0.0008826775365035,-0.0046126216539629,0.0,0.007481373146471,0.0031312769518053,-0.0004758614880929,-0.0018132017327905
2017-01-04,-0.0016985349751963,-0.0048953033161515,0.0003223280904042,0.0123762371563208,-0.0011148102287984,0.009483203484705,-0.0057532592373302
2017-01-05,-0.000417674300759,0.0009583747802134,0.0040322580645161,-0.0256410065323079,0.0051373584964177,-0.0178697000551799,-0.0187687691987817
2017-01-06,-0.0010780904336437,0.0049471021981402,-0.0040505507948069,-0.0199253554509125,-0.0004436658596117,-0.0112172124961102,-0.0016384655475554
2017-01-09,-0.013345776469199,-0.0154245816251985,-0.0130377970844672,0.0038070483597092,-0.0130300390568398,-0.0108303434705739,-0.0138934932893715
2017-01-10,-0.0064218026103581,-0.0085776857728044,-0.0024752098177972,0.0113636560676521,-0.008752315806244,0.0151403887749342,-0.0005564940383037
2017-01-11,0.015365062203546,0.0032105438148124,0.0087675562052566,-0.019875757442498,0.0215322027637881,-0.0093840998907267,0.0046766040502987
2017-01-12,0.0017984185888287,0.0015318286323822,0.0057452774021386,-0.0240202473139179,-0.0024444580078126,-0.01291734816147,0.007665757089611
2017-01-13,-0.0034871920409257,-0.0057111527633467,-0.0021237911348204,-0.015503934805938,-0.0082277682129948,0.0224857874960126,0.0091672390397816
2017-01-17,0.010469652459771,0.0074125703398165,0.0167322912251072,-0.0039163894039062,0.0076301647690631,-0.0083912366771399,0.0146705060325173
2017-01-18,0.0011287052407587,-0.0004165918401187,0.0032320743291406,0.0286085423223539,0.0006666395399306,-0.0076830656206675,0.0025856266382095
2017-01-19,-0.0068051794601606,-0.0018078831343601,-0.0074061999670306,-0.0163522396447525,-0.0093312193869685,-0.0155189907443644,0.0007531707874482
2017-01-20,0.0053944442010469,0.0041718176482497,0.0067741640152468,0.0153453276786055,0.006009358022029,0.0128078935297282,-0.0013913193430619
2017-01-23,-0.0027397981297801,0.0012465923973609,-0.0011255780088431,-0.0037594365950491,-0.0044385432055934,0.0024319623398824,-0.0013934070585225
2017-01-24,0.0046664896922078,0.0042876562311045,0.0096664810225724,0.0125313278415717,0.0020071398813922,0.0080155901319326,0.0089036882663154
2017-01-25,0.0032208218233596,-0.0071399733542119,0.0027052541141393,0.0012345490632233,-0.0013289340257634,0.0007175024709766,0.0208888313569654
2017-01-26,-0.0064417237383798,-0.0030424730760757,-0.0030211262291768,-0.0485678876421105,-0.0106453657265905,-0.0043041680174393,-0.0016708819814116
2017-01-27,-0.0055043823491394,0.0120615940622513,-0.0004780681959663,-0.0299479552130716,-0.0107430514538456,0.0036013854906687,-0.0017699718161199
2017-01-30,0.0023924203517063,-0.0052019831202917,0.0006393398329935,-0.046979865771812,0.0056586690419446,0.0079536756569642,-0.0037561873404903
2017-01-31,-0.0021780279171848,-0.0002750484193265,-0.0019169158915295,0.0027971601152753,-0.0031517198428502,0.0112709208011231,0.0001046905603371
2017-02-01,-0.0083650602508761,-0.0056699771339726,-0.0152439147559617,0.0207756241468445,-0.0065640768113207,0.001655230392736,-0.007557401245705
2017-02-02,0.0036990408349193,0.0088728603080338,0.0012978882518956,0.0095109319585495,0.0029625626767002,-0.0141309111412702,0.0031652569700532
2017-02-03,0.0036216848722114,0.0046563131048492,0.0096571457235819,-0.0040000406901043,0.0009025477392323,0.0088221926251184,0.0014625928527273
2017-02-06,-0.0113100441026028,-0.0113450217264622,-0.0175887795445371,0.0080428751527283,-0.0076662945723951,-0.006133482549582,-0.0132595182632319
2017-02-07,0.000601961145912,0.0034435262431735,0.0022697696004501,-0.0133333333333333,-0.0024977431440693,0.00308415773931,0.0100411895371897
2017-02-08,0.0171935663868097,0.0087851668229722,0.0077745307610467,0.0162161749762455,0.0201881409734977,0.0080530588052462,0.0110005561585002
2017-02-09,0.0084530711566378,0.0246649330418346,0.0135004843476022,0.0173564138301666,0.0022422038618765,0.0138921623647205,0.0056995134897181
2017-02-10,0.0024985809291019,-0.0021008883195339,-0.0015908731760636,0.0287581300423813,0.0042411259964724,0.0205400265875499,0.0028874783517802
2017-02-13,-0.0009638696595356,-0.0035577367932252,0.0019117242474055,-0.027848062635977,-0.0008875286398533,-0.0155091574595335,0.0003084707382709
2017-02-14,0.0017532482683691,0.0055628896549047,0.0044578693388779,-0.0065445024870926,-0.0004442711355722,0.0029809921186833,-0.0022664182692365
2017-02-15,0.0101700043172137,0.010095671473888,0.0081365398699765,0.010610018649518,0.0129492744921191,0.0226647861001094,0.0038274827101519
2017-02-16,-0.0355372876709369,-0.0155488248078275,-0.0242587408704622,-0.0157274512403715,-0.0448816891408817,-0.0011165528902081,-0.0029980451303949
2017-02-17,0.0116359081834625,-0.0012329954860198,0.0057734786230555,-0.0066489364400391,0.015289043963611,0.0076011660198397,0.0179408943572803
2017-02-21,0.0109497756520859,0.0085008399437251,0.0016415346655299,0.0133511345744697,0.0160416386374894,0.0111681928721822,0.0070529980486279
2017-02-22,-0.0004798019141769,-0.0020096667618638,-0.0026337423442322,0.0092837789665287,0.0008966804523661,0.002421320924777,-0.0012228179001944
2017-02-23,0.0036583414275611,0.0030843953047455,-0.0018065464190209,-0.0118265643091304,0.0044752913198775,-0.0131578617148772,0.0075380004784206
2017-02-24,0.008079482147177,0.0074997348563106,0.0088771508232044,0.0093085718888861,0.0088928752767841,0.0037954491062843,0.0043478291055763
2017-02-27,-0.0193377254608693,-0.0075229066311366,-0.0191458349199294,-0.0065876151508313,-0.0216808490011742,0.0120454400797281,-0.0174342769163346
2017-02-28,0.0031028738937985,0.0023003811290285,0.0048268490677738,-0.0092348885152252,0.0015963442932736,-0.0149384951304368,0.0085049888533754
2017-03-01,-0.0007020637809109,0.0102605932140105,-0.0037841320640938,0.013123360105634,-0.0027173671263452,0.0104143007950848,0.0073215502086175
2017-03-02,-0.0030367369107232,0.0012010721676776,0.0051155343415297,-0.0219922963844962,-0.0101741073388376,0.0008731084835418,0.0040420526432854
2017-03-03,-0.0036634687920459,-0.0074636487765513,-0.0040997048520284,0.0119205500116411,-0.0027365777892918,0.0030454510752849,0.0011075373609499
2017-03-06,0.0030275172122156,0.002295721295602,-0.0004961756492085,-0.0275230146726351,0.0052971756479278,-0.0232104062958891,0.0022217857822816
2017-03-07,-0.0043877976514124,-0.0001348905734948,-0.0039676255878206,0.0067658997249804,-0.005749770069734,-0.0046656096934843,-0.0024183582117665
2017-03-08,-0.0019907026459802,-0.001081983072939,-0.0038142544800392,-0.0066666666666666,-0.0018510372233948,-0.0268709553025561,0.0024313429844543
2017-03-09,0.0086844348835658,-0.0001349633807596,0.0063070716699623,0.0269178992981573,0.0122486427938499,-0.0136425302493439,0.0081669445059629
2017-03-10,-0.0030899904322566,-0.0045618723126164,-0.0055820087578333,-0.0504527991191356,-0.003409125588157,0.0460966711447211,-0.00159239308085
2017-03-13,0.0061327831084209,0.0014856916395377,0.0008268436588592,-0.0081743659625068,0.0107452534972636,0.0004788234987907,0.003298292769561
2017-03-14,-0.0030955430955886,0.004873434370736,-0.0009914304830994,0.0027739886528361,-0.0061182971046595,0.008909288645741,0.0049920125970317
2017-03-15,0.0100519023669904,0.0049744926088314,0.0120800850330924,-0.0219177873167273,0.0097461540250634,0.0181602975319808,0.0106150760161664
2017-03-16,0.0025659054380894,0.0014735513476638,-0.0029513084148567,0.0208333333333333,0.0074074486353787,-0.0023067699571151,-0.0042194121256384
2017-03-17,-0.0052262047519711,0.0002664039610673,-0.0067136048708194,0.0613915390538593,-0.0068797462015782,0.0034538688654126,0.0030484565950558
2017-03-20,-0.0047254993436282,-0.0003999303885153,-0.0083923339211578,-0.0519480519480519,-0.004480303890547,-0.0027397016889267,0.0003921679232822
2017-03-21,-0.004610634179083,-0.0062111679670083,0.0016761393626692,-0.0424657325222067,-0.0092114100847709,-0.0126640394472896,-0.0016692672334873
2017-03-22,-0.0077371859525632,-0.0122266202746417,-0.0090786973719441,0.0,-0.0042995843542331,0.0060535114531953,-0.0026566628983878
2017-03-23,0.0044605975421776,0.0053630278204314,0.0078085059525401,0.0272988730967482,0.0027334607679688,-0.0004632069472913,-0.0004936844477196
2017-03-24,-0.0064592629767383,-0.0039568960554604,-0.0080482821453489,-0.0321678748497596,-0.0070279158694517,-0.0120064752083881,-0.0041407686846263
2017-03-27,-0.0017703914175677,-0.0038440251698807,-0.0037281378116151,0.0115439449802879,-0.0025206373027047,0.0210054144933829,0.0076548792175557
2017-03-28,0.0008282642759051,0.0030370128836076,0.0040836798009217,0.0100575372555072,0.0069124245740329,0.0080980671965702,-0.0156999969482422
2017-03-29,0.0036080752293256,0.0056419935659855,0.0043933477558709,0.0071123752246764,0.0041312900260856,0.0082968567738088,0.0004081309525096
2017-03-30,-0.0064974818053114,-0.005347585191505,-0.0057229448486978,0.0354609929078014,-0.0084765803813925,0.0080422442656167,-0.0022506518742006
2017-03-31,-0.0009570007521041,0.0022084702394631,-0.001522845260771,-0.0123119226356419,-0.0023158516307167,0.0077220114016394,0.00184862175309
2017-04-03,-0.0044764671164625,-0.0030306323516614,-0.0084674006174449,-0.0179558428778918,-0.0041637822595837,-0.0125984558757964,-0.0005091183698269
2017-04-04,-0.0033068451363363,-0.0019335314454102,-0.0035842137553467,-0.0247330248124708,-0.0041246633293599,-0.0120482512791896,0.0015264224178591
2017-04-05,0.0076675876385901,0.0056677313086152,-0.0032511743869574,-0.0214285714285714,0.0100986603119315,0.0022999606686108,0.0144138727786723
2017-04-06,0.0001752168761675,-0.0024795796233881,-0.0034548413378497,-0.0131963920345537,0.0038689574182017,-0.0101195637383015,-0.0043771868952014
2017-04-07,-0.0005124293885896,0.0031784926146913,-0.0029401274618223,0.0074294201683091,0.001132998772952,0.0016222408423841,-0.006880758374607
2017-04-10,0.0012463484418155,-0.0028974434897994,-0.0027739224439247,0.0131965039025137,0.0038435899932631,-0.0055530234078715,0.0011036822889348
2017-04-11,-0.0024693763495384,-0.0020747098139335,-0.0008700722236942,0.0131387084069913,-0.0051930353913289,0.0206640212666494,0.0023129095121912
2017-04-12,0.0068998401884562,0.0036076333749332,0.0057642241232259,-0.0057306806359635,0.0125456029914745,-0.0043418335008364,0.0014042065590145
2017-04-13,-0.0077094102665513,-0.0053912000192369,-0.00625761547002,-0.008823506972369,-0.0101146492686526,-0.0011488795159612,-0.005514291499329
2017-04-17,0.0019364777101668,0.0031908396461773,0.0059378302926011,0.0014836568524809,-0.0018091774953915,0.0105674916625243,0.0069402781544384
2017-04-18,0.0098788890208445,0.0082896673982299,0.0079722543915132,0.0118693680156092,0.0122172150725418,0.0022706283388343,0.0052915211653229
2017-04-19,-0.0046514193352592,-0.0066985352501487,-0.0061855774163632,0.0146842881410638,-0.0040178640232403,-0.008572096828767,-0.0014900320711955
2017-04-20,0.0032161719661445,0.0026171135729978,0.0005186273947365,0.0274964047443573,0.0058139157968725,0.007254583776839,-0.0006964450635404
2017-04-21,-0.0010976001322557,-0.0016542975608971,-0.0017292458179494,-0.0113153529971003,-0.0008893044894271,0.0051836724762922,0.0003985742854131
2017-04-24,0.0024954977358004,0.000137362651766,0.0018955818139842,0.0098176285873935,0.0030939091635013,0.0026672355502977,0.0030763639805043
2017-04-25,-0.0001594399983724,-0.0063178011248039,0.0012034298044529,0.0082872715673442,0.0019815093838868,0.0127865522167798,-0.0040557527704762
2017-04-26,-0.0095916945142319,-0.0122962064578748,-0.0070337938063558,0.0272851284683819,-0.0098749345172931,0.0117544826223263,-0.0100268252017378
2017-04-27,-0.0059995043765998,-0.0083845513497931,-0.0108546012780418,0.0013244831009416,-0.0035429550033818,-0.0064294735971196,0.0010007853878461
2017-04-28,-0.0003343563588193,-0.0008443225535474,0.0001738838527513,-0.0171729917407011,0.0,-0.0023691710021224,-0.0009999847412107
2017-05-01,-0.0189236215375065,-0.0132226031851785,-0.0166782987537483,-0.010624210084134,-0.0217584263391627,0.0060150934174712,-0.0083974442481397
2017-05-02,-0.013465695356761,-0.0209899774797073,-0.0172232571292264,-0.0013404621470037,-0.0108548061733565,-0.0356304289951507,0.0012092175449938
2017-05-03,0.0002101413741644,-0.002604170978345,0.0010715762956803,-0.0108108520507814,0.0006666395399305,0.0042326229447456,-0.0008043660544483
2017-05-04,0.0115249520748998,0.0248944391278966,0.016752782329066,-0.0067934784017123,-0.0044199063633028,0.0070796391465238,0.0077340728338986
2017-05-05,-0.0038258348413591,-0.00070674899453,-0.0005233314675717,-0.0188934082956541,-0.007746756789663,0.0337028937736188,-0.0033830481382151
2017-05-08,0.0093013682689604,0.0284339289491748,0.0005229666123884,-0.0074175946825637,-0.0040205562505095,0.0109395570123374,0.0029963585111221
2017-05-09,-0.0137686111383006,-0.0242391147422681,-0.0179442955855978,-0.0027624941080317,-0.005165047126461,-0.0065803729415129,-0.0066739533122696
2017-05-10,-0.0001804819514856,0.0032477175645964,-0.0005321763325402,-0.0278551520193986,-0.0013541270916588,-0.0042644084527181,0.002607583377974
2017-05-11,-0.0040489494628518,-0.0049267802591566,-0.002482326251028,0.0143678164069475,-0.0060093580220289,-0.0036512452454544,0.0045185720874006
2017-05-12,0.0044898407688742,0.0052512454071769,0.0016025668239391,0.0070821531275709,0.0062794074532115,-0.0088610296813455,-0.0051046153291644
2017-05-15,0.0113890981661999,0.0039581394932479,0.0007102435323879,-0.0028089460226743,0.0155176402896971,-0.007863709479048,0.0093580230517043
2017-05-16,-0.0072936148570903,-0.0111048766137928,-0.0062012488064708,-0.0084626017095654,-0.0065488548955322,-0.0041822281627267,-0.0092611065737241
2017-05-17,-0.0081182765746864,0.0025586397879168,-0.0010697338764089,-0.0057802588746289,-0.014931934376486,-0.0260831180679959,0.0086440911530538
2017-05-18,0.0010969903993687,-0.0042625097196733,-0.0016071455819266,0.0102338732840136,0.0055865921787709,-0.0170648461201494,-0.0029877805080792
2017-05-19,0.0119191284943034,0.0118233884207523,0.0055436585021774,-0.0028985064962635,0.0162222120496964,-0.0090298541803438,0.0087903031470662
2017-05-22,0.0103909600676335,0.0100566444733409,0.0110536446817278,-0.0156918473333088,0.0100766499254526,-0.0037191967854392,0.0125742241887762
2017-05-23,0.0001351344499754,0.0036440384273417,-0.0005289596852686,-0.015873103247832,-0.00065109793407,-0.0128085527398791,0.0015629191015156
2017-05-24,0.0038486115167963,0.0127076668755579,0.0040578606386374,-0.0187590619698369,-0.0004335672512586,-0.0061363778165579,0.0074946884219516
2017-05-25,0.0025550677660019,-0.0023335370282225,-0.0010546239978457,-0.0102189335509808,0.0064892762282303,-0.0172658364075874,0.005598473355186
2017-05-26,-0.0018724506672183,-0.00260946049145,0.0061435574270955,-0.0074515649980653,-0.0055674974728652,0.0012042205324974,0.0020140665639998
2017-05-30,-0.0051476822514998,-0.0036141524521385,-0.0087611705392272,-0.0452489242324057,-0.0019375705298093,-0.0014588225561104,-0.0059420657365151
2017-05-31,0.0036818173957511,-0.0029243711406799,0.0042478173179965,-0.0384014857668792,0.0051780299108489,0.0121624906975578,0.0025991940662287
2017-06-01,0.0096493121356087,0.0146056900914234,0.0116013333537179,0.0308441813789511,0.0064308516023118,0.0211639541766621,0.0089926571547269
2017-06-02,-0.0013477674261265,-0.007210867745536,-0.0024267532151337,-0.0470957608174063,0.001273022644473,-0.0025906880057325,-0.0014208726561763
2017-06-05,-0.0013296377769537,0.0039910992501647,-0.0005220566096548,0.0148269802284934,-0.0031813684204563,-0.0172455309557308,0.0011398437307505
2017-06-06,-0.0013343857145588,1.1144223973913584e-16,0.0017412236390338,0.0180327618708376,-0.0038306086134544,0.0028846815140314,-0.0011385459662688
2017-06-07,-0.0026037551945825,0.0052233299438895,0.001736150893533,-0.0235478804087031,-0.0089021191378944,-0.0011998857513223,0.0034103885816382
2017-06-08,-0.0061592986222098,-0.0120333281343975,-0.0086655111505847,0.012944971633281,-0.0034371611178185,-0.0079232129403318,-0.0133118963093813
2017-06-09,-0.0123056068398819,0.0065106137250044,0.0003504548426602,0.0095389262252122,-0.0193465502369466,0.0142649938075732,0.001823264975295
2017-06-12,0.000651384088754,0.0039840762725624,0.0026274570936766,-0.0047169692493406,-0.0006608500657658,-0.0016702384891212,0.0023010341011248
2017-06-13,0.0098470284725503,0.0059009234111212,0.0164249280836575,0.0015698347397709,0.0077279414229618,0.0028605227581016,0.004593333559173
2017-06-14,0.0057054987391052,-0.0009516000155988,0.0066826488274446,0.0046729449535593,0.00682521765276,0.0092724530887938,0.0017105416652439
2017-06-15,0.0030849577906033,-0.0027285752975411,0.0015321782433806,-0.0141287521993644,0.0059197643970737,0.007563216365817,0.0022793984393833
2017-06-16,-0.0134007288712611,-0.0145325630999231,-0.0257635577632766,0.0,-0.0048447747509883,0.0047404780623255,-0.0284323613868332
2017-06-19,-0.0006365794502238,-0.0033333036634656,-0.0033153452600476,0.0096308554761815,0.0024245230976688,-0.0147817285125891,-0.0004891441425603
2017-06-20,-0.0094942516219796,-0.009888672474782,-0.007694974193086,-0.009584640395305,-0.0098944759777656,-0.0016674534442001,-0.0103759313820526
2017-06-21,-0.008289709430352,-0.0112232805283891,-0.0109097787542782,0.0054962843393667,-0.0055273049420782,-0.0064577959553992,-0.0148724727113694
2017-06-22,-0.0026959231341413,-0.0012765437998669,-0.0028490001397226,-0.0080645161290322,-0.0028901971862664,-0.0062560665938176,-0.0030993558188169
2017-06-23,-0.0015013655389219,0.0008510291999114,0.0,0.017857180455621,-0.0037718697602929,0.0029013280975322,0.0024002950124177
2017-06-26,-0.0012805132039869,0.0031086792587079,0.0028566301054612,-0.0143769605929575,-0.0044345222840074,-0.0002406334949892,-0.0024836080956164
2017-06-27,-0.0170388515397657,-0.0111238787526919,-0.00892538371857,0.0048859809381943,-0.0228888617621527,-0.0009641097591979,-0.0092508617111784
2017-06-28,-0.00349457195706,-0.0048662366383231,-0.0079127971055254,0.0277777898978215,-0.0004539368393164,0.0021598309705462,-0.0014128508913356
2017-06-29,-0.0209259139456768,-0.0116546411308453,-0.0253546146540374,0.0031847255632038,-0.0177677122296756,-0.0100646578852755,-0.0276333138870771
2017-06-30,0.0009542855173624,0.0050643679790196,0.0052622194214395,-0.0142857385060143,-0.009176451582443,-0.0019253433893221,0.0129856635389531
2017-07-03,-0.0057549429907394,-0.0117849909923144,-0.0019895208632681,0.0128824971242341,-0.0062111904803693,0.0043279707745945,-0.005824049032676
2017-07-05,-0.0065969977803928,-0.0149862703096682,-0.007604529647409,-0.01916928079061,-0.0006953092220899,-0.0179597708368026,-0.0069793729143574
2017-07-06,-0.0043073111211921,-0.0145120057049298,-0.0071942334667949,-0.0360655862776958,0.0013953807742097,-0.0114914719601108,-0.0020846838914649
2017-07-07,0.0013288459561372,-0.0019505608377522,-0.0044551302863953,0.0084317033125274,0.0053500705572556,0.0098692706125424,-0.0029157428184539
2017-07-10,-0.0071397363212296,-0.0100691036929181,-0.0061417833457827,-0.0301507406039758,-0.005084382213443,-0.0175395230057845,-0.0119642269352702
2017-07-11,0.0028586364112894,-0.0044187250901072,0.0045036190588543,0.0207253353474583,-0.0013936715367488,0.0012348539142472,0.0142254842193331
2017-07-12,-0.0025450704639516,0.0,-0.0081663406214487,-0.0287162287336268,-0.0016162478089272,-0.0073674617574738,0.0030959279426136
2017-07-13,0.0002087029209117,0.0039536876275845,-0.0024340211287519,-0.0295652306598164,0.0025474898002344,-0.0022271752766081,-0.0045183284495961
2017-07-14,0.0035194371217774,0.001206548989111,0.0063670438740177,0.0053667125021751,0.0022977590319224,0.0148846056482311,0.004525298743398
2017-07-17,0.0054869026673638,0.0078513757618882,0.0093196642270143,0.0,0.0009163138472369,0.0129710908316188,-0.0033808198851674
2017-07-18,-0.0040307929926463,-0.0065966241700603,-0.0081316288383495,0.0035714421953473,0.0009140977390682,-0.0079961673708346,-0.0023621582668761
2017-07-19,0.0115107640853205,-0.001354665321762,0.0046641792372568,0.0035650760851931,0.0086837541748316,0.0012156390897666,0.0173480629262345
2017-07-20,-0.0007255356635277,0.0045147188191968,0.004263988655766,0.0106761292878267,-0.0079256901116501,0.0145525659830219,0.0019501657554101
2017-07-21,0.0075131008401645,0.0091577931956477,0.0049925413077809,-0.0017543591951069,0.0057103701911984,0.0019034459523727,0.0135252112612573
2017-07-24,-0.001177282261077,-0.0062453259322723,0.0025763597581028,-0.0173611115710235,-0.0045506429912989,-0.0016623057185854,0.0030962339824262
2017-07-25,0.0039897172957769,0.0089592125307534,0.0087847647803464,0.0245614302785773,-0.0002259507691118,0.0189215486011213,0.0065823877387961
2017-07-26,-0.0012583918259678,-0.0038478931094384,0.0009077566339578,-0.0339952323344587,-0.0022562832763911,0.0002319604934652,-0.001160221634681
2017-07-27,0.0053818825845335,0.0060948964258889,0.0076266930446714,0.0086805557855117,0.0045413432965879,-0.0074056862208822,0.0035823024420171
2017-07-28,-0.0071752277155318,1.1999189782698283e-16,-0.0021640925199943,-0.0017391038977581,-0.0099165796101202,0.0006992722198103,-0.0107705151390073
2017-07-31,0.0021666608344804,0.003690036900369,0.0063279418808712,-0.0214796850462109,0.000681945400142,-0.0076708932483317,-0.0026164311042939
2017-08-01,-0.0078859112594135,-0.0073572690808677,-0.0079079552756221,-0.0017241116227774,-0.0095368295847263,0.0025629220653403,-0.0005246909775087
2017-08-02,0.0055519896949357,0.0034221597986412,0.0155768995582801,0.0017330757850757,0.0015898182322261,-0.010455407838458,0.0048334463940629
2017-08-03,-0.0005218611889751,0.0331865225678279,0.0024964227010939,-0.006932435365509,-0.0178733235721963,-0.0253640625789501,-0.0049137607235265
2017-08-04,-0.0063990758467532,-0.0265659114326673,-0.0023090776177074,0.0560420463827116,-0.0022946829879915,0.018741052715323,-0.0088096103967805
2017-08-07,0.006859626485938,0.0042974224645404,0.0035599993209863,-0.0348837585083748,0.0098714483842841,-0.005660416741266,0.0052882071270404
2017-08-08,-0.0057117411344102,-0.0088773646863887,-0.0072966694684562,0.0085910651794765,-0.0029700951966103,0.0496201378344711,-0.0100052670840381
2017-08-09,0.0154661961777147,0.0001448955006133,0.0008973301501286,-0.0034662176827545,-0.0013783037049448,0.1311623490943067,0.0236237200681861
2017-08-10,0.003111631312784,-0.0013073263027048,0.0138688842113654,0.0262237758740008,0.000462438329796,-0.0028061613822646,-0.0017825919413214
2017-08-11,0.0086816294238974,0.0026227642777126,0.0060444471571181,-0.0254668923792972,0.0057683433114865,0.0320551427674996,0.0155955395592566
2017-08-14,0.0045424156792339,0.0088086730736686,0.0119887216244908,0.0189982460299148,-0.0013710594354442,-0.0078662285778671,0.0061582517935106
2017-08-15,1.609832421127184e-05,-0.0011446820969143,-0.0003488654652865,-0.0067796868793034,0.004120886078713,0.0294815559315069,-0.0141634338525893
2017-08-16,0.0029181442347846,0.0051642607241366,0.0038387262385999,0.0,-0.0006784846939372,-0.0099712453029483,0.0126098317385335
2017-08-17,0.0007207632384398,0.0022876183461514,0.0015657646712707,-0.039383612870945,-0.0011504656722004,0.0731050263663981,-0.0101414204600473
2017-08-18,-0.0076811431750742,-0.0014276388173992,-0.0059151036063954,0.0339892246747443,-0.0119650360956738,0.0043180614584908,-0.0044550385425926
2017-08-21,0.0026061061174771,0.0032870619340651,0.0024496830430535,-0.0034662176827545,0.0048950833800315,-0.0066071237836565,-0.0015562762062546
2017-08-22,0.0052461683544166,-0.0019959992994967,0.0052447418366981,-0.0120689786713697,0.0074211433847599,0.0010779980857977,0.0093361152659039
2017-08-23,-0.0014999763413329,0.0031568548284681,0.0045280763587884,0.0052539940415896,-0.0089676520876935,-0.0066546572309166,-0.0004119558821414
2017-08-24,-0.0257609332015849,-0.0218925052050315,-0.0297961160944199,-0.0103986530482637,-0.0258199713192277,-0.0001805439703065,-0.0224835017095714
2017-08-25,-0.0109826873149585,-0.0042647193459902,-0.0180260279053655,0.0045139260958016,-0.0114394554983188,0.0075839321207078,-0.0019978424296549
2017-08-28,-0.0094007245446556,-0.014462859002916,-0.0139872927962784,-0.003460220857775,-0.0076886041094792,-0.009139754991152,-0.0059861340844037
2017-08-29,0.0046854728307112,-0.0068903395709002,-0.0088218993490615,0.0104712442723783,0.0145313262489049,0.0003632484065533,0.0076077897859947
2017-08-30,-0.0026722643895273,0.0007576219963306,-0.0037071503264342,0.005172400638975,-0.0031129611744009,0.0085360950650802,0.0040970625028451
2017-08-31,-0.0138511467544302,-0.0027422350220824,-0.002995130155304,0.0188033927200186,-0.0214199616363556,0.0156053620069013,0.0002102475337826
2017-09-01,0.0037384225537479,-0.0003055486801275,0.0086369304105656,-0.0016806466238839,0.0022064268342203,-0.0171257279511978,0.0054381575834561
2017-09-05,-0.0005929224552562,0.0140500629471622,-0.0007439937142641,0.0151514762300055,-0.0053724350819118,-0.0138464385778183,0.0028124650319417
2017-09-06,0.0067209555437423,0.0224566374986533,0.0152189992310422,0.0016420110281705,-0.0046591131043741,0.0025431315456619,0.0099399364907032
2017-09-07,0.0010375490043991,-0.002943295912059,0.0044101743208759,-0.0065681693900931,0.0026927934996434,0.0045240681793973,-0.0110531352080046
2017-09-08,0.0009824561962503,0.0107796177551735,0.0126234655805922,0.0,-0.0082987586638412,-0.0021644829519704,0.0130787023471675
2017-09-11,0.0059620668003123,0.0024781074741486,0.003598361670626,0.008183306260012,0.0088169674139099,-0.0034160127716231,0.0017369793008536
2017-09-12,-0.004171404261656,-0.0029116985081975,-0.0050143047731329,0.0194174883131685,-0.0084684798768959,-0.000723736479031,0.0074534991764554
2017-09-13,-0.0002240025499592,-0.0080256155283843,-0.0037837672877956,0.0143312346626236,0.0029268032167016,-0.0175469867479289,-0.0023328505536283
2017-09-14,-0.0061188377973137,-0.0032428302356161,-0.0018132780789032,0.0223642421725883,-0.0107003559858511,0.0073502671690121,0.0025453064232635
2017-09-15,0.0072560671842083,0.0096054609644899,0.013808108809802,-0.0420560292303271,0.0056608303270959,0.0085714203970771,0.0048751103127857
2017-09-18,-0.0009457817319916,0.0043917883542665,0.010927993795889,0.0325732890927867,-0.0070731930616424,0.0199999892920779,-0.0055287799879179
2017-09-19,-0.0139704317548848,-0.0294680995883814,-0.014239929382607,-0.0126582156234666,-0.0039273402263182,-0.0092798954042632,-0.0034346534521451
2017-09-20,0.0011461444530741,-0.002619789960615,0.0081159066462864,-0.0142857385060143,-0.0059041001096642,-0.0010420522991136,-0.0043810524553319
2017-09-21,-0.0086237325860708,-0.0123609863514945,-0.0072978888101087,-0.0401929255520133,-0.0083888517845591,-0.0239750006113722,-0.008598668710127
2017-09-22,-0.0054849970622295,-0.0112359737847913,-0.0110038552745077,0.0,-0.0027390590331054,0.0,-0.0108125120498238
2017-09-25,0.0121599918880369,0.011212872518865,0.0203006231665086,0.0284757243084455,0.0099751007755536,0.0141542680569927,0.0070759658269808
2017-09-26,-0.001946640600966,-0.0079775087407465,-0.0063097135979224,0.0047770579730118,0.0,0.0038400663726683,0.003507286252609
2017-09-27,-0.0026754466499797,-0.0059917575589591,0.0094339948290799,0.0440945362481545,-0.0056372437876763,0.0237311439935565,-0.0093467918693976
2017-09-28,0.0073239326059731,-0.002065415574426,0.0024937128477729,0.0346907287555894,0.000988164920447,0.0087986543348451,0.0259386318866487
2017-09-29,-0.0029148346021656,-0.0107850961681864,-0.0133435145855089,0.0093621911049474,0.0014778663927602,-0.0048608936686063,0.0037159910569113
2017-10-02,0.0063672504410072,0.0080360011281007,0.0046539011031036,-0.0057637106208095,0.0123152713988082,-0.0023470779675498,-0.0279618351875349
2017-10-03,-0.0108351556808248,-0.0110030080813671,-0.0106034171657264,-0.0028985064962635,-0.00847668396846,0.0023505605510482,-0.016643233088717
2017-10-04,0.0079797943162391,0.0070990421096914,0.0134450239830879,-0.0174419262268631,-0.0007307863545534,0.0219247091764186,0.0126877795634595
2017-10-05,-0.0024092751367866,0.0022378418570208,0.0011532072784689,0.0146627572543575,0.0004867731785565,-0.0205748220394565,-0.0141382093116248
2017-10-06,-0.0022634863045601,-0.0081067926048356,-0.0063792387256449,-0.0058565374525061,-0.0004860378377166,0.0092050081516409,0.0039881315676161
2017-10-09,-0.0194908426691496,-0.0221082552691349,-0.0243001561697354,-0.0029368128153217,-0.0144892170087411,-0.013395094376378,-0.015454973733084
2017-10-10,0.0102223141626698,0.0032642526757825,0.0105117535351395,0.0161053942162713,0.0136953138089991,0.0217464549732984,0.0024688598501165
2017-10-11,0.001339016497687,-0.0047123969972864,-0.0019619832533522,0.0158729931555636,0.0062725770023548,0.008155276281201,0.0076891530957593
2017-10-12,0.0078767250836834,0.0196110604652908,0.0080613417713695,0.0,0.0011973911342815,0.0034018967443693,0.0059940702637548
2017-10-13,-0.005237524898413,-0.0076873727225069,0.0015548690995365,0.0085227054135863,-0.0076190403529576,0.0014511472415931,-0.0062543643131808
2017-10-16,0.0011982052761199,0.0003231613824675,0.0054337783936962,-0.0097901671082823,-0.0021613869814383,0.0076664995616846,0.0058852783734115
2017-10-17,-0.0036714630152645,-0.0021011355368066,-0.0021231539748281,0.0085470958632377,-0.006281670098266,0.0060269797416883,0.0013125732251239
2017-10-18,0.0041074310298327,0.0006477881057057,0.0110294057944719,0.011396055363758,0.0,-0.0086709638091499,-0.0015107415096764
2017-10-19,-0.0012097949374483,-0.0003240514803645,-0.0015352490907244,0.008534828564365,-0.0026934527409545,-0.0073576308557996,0.0036360024500981
2017-10-20,0.0021901206186401,-0.0034057587575792,-0.0019190613634052,-0.0167363598231172,0.0086059086446091,0.0035245310342317,-0.0046129069278146
2017-10-23,-0.0030157169987703,-0.0011372818146529,-0.0084437235895722,-0.029535844151747,-0.0024306873020095,0.0054183291249068,0.0007059979197876
2017-10-24,-0.0002908173032622,-0.0042303665051449,-0.0001930177930592,0.0131004594739204,0.0009744437581189,0.0003182252704732,-0.0001007815571288
2017-10-25,-0.0010477456953783,-0.0078740083570405,-0.0027094908962582,0.0217706816659009,0.0039101580955298,0.0085646458693363,0.0011138174156762
2017-10-26,-0.0046054790670594,-0.0034562062257041,0.0032951767482555,0.0259739587748492,-0.0094430846695628,-0.0078480616415807,-0.0040225413923798
2017-10-27,0.0036926861891977,-0.0026481273131576,-0.0044401456684148,0.028169014084507,0.0074294014146877,-0.0114050563681484,0.00454955951452
2017-10-30,-0.0243807070901059,-0.0199767066594948,-0.0212519032030856,-0.0703448065396012,-0.0286702885234933,-0.020653233020108,-0.0152763481715216
2017-10-31,-0.0070835054519317,0.000640056005053,0.0168428666769318,0.0619468548553892,-0.0212615517823728,0.0179445726347305,0.0087159281069312
2017-11-01,-0.0045385175319402,0.0059067518437094,0.0009618937572309,-0.0373444600784297,-0.0138589734170735,-0.0121522565574793,-0.000900579998864
2017-11-02,-0.0055522958328518,-0.0073201636434706,-0.0040408484555947,-0.0057971235634624,-0.0024236179881012,-0.0009691709487788,-0.0168454852965667
2017-11-03,-0.0066039432179562,-0.0076873727225069,-0.0052315530821659,0.0282317059484107,-0.0046160988195663,-0.0017854343330923,-0.0113253809423319
2017-11-06,-0.0203768426904913,-0.0266774090846908,-0.0191856562608381,-0.0051562625825997,-0.0127015260187239,-0.0051965492043896,-0.0300309970720919
2017-11-07,0.0143655710338309,0.0097925336529111,0.0179748658151465,-0.057838593590147,0.0170285937540451,-0.0064945855640187,0.014387705933885
2017-11-08,0.0191406602427904,0.0298360605708891,0.0145659346582164,0.0016103428546787,0.0153770377019079,0.0900061328774325,0.0116449917530984
2017-11-09,0.0005859473276208,0.0094113920164693,-0.0053784592125997,-0.0048386973719443,0.0009682183369749,-0.0130830229371151,-0.0096433044549207
2017-11-10,0.024174129678129,0.0263324239943969,0.0329584507152667,-0.0016393192478867,0.0201848699565771,0.005807223313428,0.0150816376349354
2017-11-13,-0.001225360103575,-0.0130030986444123,-0.0009430259643316,-0.044334986786365,0.005259320974797,-0.0266143364485214,-0.0002062721361981
2017-11-14,0.0174701257443035,0.0224313773360906,0.0199773375642489,0.0103092519975217,0.0131014588627422,0.0184685192960107,0.0182832797964865
2017-11-15,-0.0178128631445526,-0.0193845895620493,-0.0263207036804722,-0.0137930902941473,-0.0122439473232269,-0.0074250078287971,-0.0188122690971495
2017-11-16,0.0132613313057064,0.0192036794525226,0.0168624367228585,0.0724138062575767,0.0057210455162031,-0.0295742467183344,0.0247040811959183
2017-11-17,0.0035392877754386,0.0058479106461513,0.0042998604415619,0.0112903348861202,0.001183413894924,0.0334566473716467,0.0027256640330647
2017-11-20,0.0028352500878808,0.0042891970669838,0.0102440503972038,0.0126984005882627,-0.0044916933838265,0.0286311641550871,0.0071450041747843
2017-11-21,-0.0045637954831235,-0.0140952691322536,-0.0057588958340361,0.0266040204639698,0.0004728240691347,0.0065302122235935,-9.995139663179224e-05
2017-11-22,-0.0023051153025212,-0.0035417823881532,0.0044935719743954,-0.0276922959547776,-0.0028268299111439,-0.0114045521064983,-0.0088096632174888
2017-11-24,-0.0024125886593719,-0.0004618038749948,-0.0035289492230777,0.0015674340127619,-0.0026028584955779,-0.0018991564530859,-0.001913033044604
2017-11-27,0.0056426509385125,0.0026193862087586,0.0070803257141736,0.0140405857613594,0.0056832034351968,0.0024944705082767,0.0068382973499667
2017-11-28,0.0059982631535826,0.0108845477224277,0.0118081066538665,0.0414747256670065,0.0004696045478283,0.0013090376420454,0.0054856913090423
2017-11-29,0.0151723416146522,0.0184480375274573,0.028289819513788,0.0282317059484107,0.007035629487682,0.0011621417099154,0.0104888701127636
2017-11-30,-0.0017351481892159,-0.0094325085309516,0.0042613934617769,-0.0115108352770908,-0.0013953807742096,-0.0066676199263114,-0.0037051215138813
2017-12-01,0.0027710431206518,-0.0004543892884313,-0.0008847856759094,-0.0217076705227681,0.0056231926441767,-0.027875016437382,0.0060647079803255
2017-12-04,0.017187101128755,0.0210128398727948,0.0213592065645383,0.0090225334454299,0.0143529555376837,-0.0189609466827455,0.0115209839370555
2017-12-05,-0.0017055772923042,0.0047302245026824,0.0022759291062009,-0.0208332434533093,-0.0041694810774394,0.0156273512679078,-0.0163370508683166
2017-12-06,0.002711525127251,0.0023539212864705,0.0036713126166376,-0.0059790959156282,0.0032415653808128,-0.0219403167269122,0.0004857023141336
2017-12-07,-0.0077479571656632,-0.0107353434843177,-0.0015850678852198,-0.0300751879699248,-0.0129510025798608,0.0741688011830553,-0.0095995141097196
2017-12-08,-0.0089066626474368,-0.0080513033842911,-0.0153411910761777,-0.0384615384615384,-0.0055956602281382,0.0118006176388469,-0.0085268560971897
2017-12-11,0.0051260120157926,0.0013542577268284,0.0043126299584721,0.0287081214538754,0.0079943607417501,0.0043895704818418,-0.0038648994637725
2017-12-12,0.0007755048603484,-0.0100571265493414,0.0003568960998735,-0.0046154315655048,0.0025719104319437,-0.023481245333831,0.0006930662853883
2017-12-13,0.0012119305537277,-0.0058894500522374,0.0073135896783521,0.0309597530532636,0.0013991967607101,0.0174727422980603,-0.0050261370857893
2017-12-14,-0.0048317075883265,-0.0106463414181322,-0.0040809002793744,-0.0331325982994034,-0.002797830114069,-0.0126582026015732,-0.0077212314909578
2017-12-15,0.0080421648962087,-0.0029150420453612,0.0090457309661461,0.0699844445789179,0.0114246137896906,0.0226734909898007,0.0083507704331104
2017-12-18,-0.0009555634932514,0.0082949451334012,0.0052173780358354,-0.0420290076214334,-0.0075966396590658,-0.0054156718463774,-0.0005896565955158
2017-12-19,-0.0044895670031322,-0.0069770830023271,-0.0055219963867345,-0.0392157189915759,-0.0016158747764852,-0.013992647340802,-0.0047036094324281
2017-12-20,0.0044375230050682,0.0174985012860382,0.0113597222847791,-0.0171073442707758,-0.0099124088194603,-0.0111157562434189,-0.0055898763165699
2017-12-21,0.0055797044653527,0.0112107620761395,0.0098388127031553,0.0127185885159542,-0.0004638325199233,0.0050209292283712,-0.0047229729460895
2017-12-22,0.0051853926189663,0.0047211522659687,0.0077091153558863,-0.0015698946251275,0.0037037001061667,0.0107137416674583,0.0026561400788338
2017-12-26,0.0006535687909635,0.0027957981748951,0.0013324119776407,-0.0110236340620385,0.0,0.0055294656639262,0.0002941633487879
2017-12-27,-0.0010931565804447,0.0011728754160457,0.0030000050862629,-0.0047695237596199,-0.002996797254825,-0.0189040719646296,-0.0027341704782597
2017-12-28,-0.0027672766785197,-0.0029313288552901,-0.0091514018473289,-0.0047923201976523,-0.0016229931159442,-0.0181665101553258,0.0034350620887004
2017-12-29,-0.0037637909024189,-0.0026408494058788,-0.0033619222944458,-0.0207006250454439,-0.0037243913133588,-0.0062633799488433,-0.0054649902598087
2018-01-02,-0.0102732338379923,-0.0008819279681069,-0.0065623319475985,-0.0305466479513449,-0.0187413547064642,0.037636018691799,-0.0076462970587455
2018-01-03,-0.0025116788719727,-0.0067537671465347,-0.0144319618753049,-0.0065898108871708,0.0018823960248161,-0.0195916905708034,0.0038583239274201
2018-01-04,0.0037677123050035,0.0147645053954901,0.0067785381673691,0.0032949054435854,-0.0009363509921429,-0.0107933372945441,0.0076976094463843
2018-01-05,0.0074894021756741,0.0013072471936073,0.0057065513165762,-0.0179153462782036,0.0095749614744081,-0.0068018047188512,0.0058530724965133
2018-01-08,0.0011220023517042,0.0043559664643423,0.0056875235786327,0.0083472451963792,-0.0020881706676145,0.0094379526645876,0.003890308569015
2018-01-09,-0.0043832702739399,-0.0060693379691829,-0.006032181777994,0.0016556038343517,-0.0034769984539601,0.0115040124480159,-0.0017425004826534
2018-01-10,-0.0075760729118023,-0.019315185331556,-0.0044149825815571,0.0199667353312193,-0.0030401603957151,0.0040799227357453,-0.0082983351712257
2018-01-11,-0.0093070435407234,-0.0194679378922621,-0.0103918330906852,0.0032572792063839,-0.0039831767204079,0.0113525606911131,-0.0051221105226654
2018-01-12,-0.0094293371073903,-0.0199969648857155,-0.0072078596249028,-0.0128617239107368,-0.0042204055975605,0.0081649089461458,-0.002665843664303
2018-01-16,0.0093048166191188,0.0105747500598659,0.0079351229047131,0.0177419108729208,0.0110536504149379,-0.0116248095129532,0.0023750406385104
2018-01-17,0.0105639776843646,0.0043793553334557,0.0076700319922225,-0.0269413152036667,0.0136353165321502,0.013532220128581,0.0087460630008337
2018-01-18,-0.00448867754557,-0.008588212614675,-0.0096234965259076,0.0,-0.0022841132231456,-0.0127275257843152,0.001167455448129
2018-01-19,-0.0002597109622912,0.0101592999142315,0.0042473665886443,0.021241817334221,0.0105311144976834,0.0169633099522228,-0.0264991359742461
2018-01-22,0.0085465841650741,0.0032860527368389,0.0099695868459852,0.0273312016412765,0.0135042382955628,-0.0010975693747372,-0.0021139429455822
2018-01-23,0.0054307580415275,-0.0005972960250593,0.0047051353031684,-0.0031595697527649,0.009757211439833,-0.0037077265064256,-0.0002022472118114
2018-01-24,0.0014838599222989,0.0038783134349606,-0.0033377328830734,0.0048153971225424,0.0,-0.0139650090317031,0.0076512080220091
2018-01-25,0.0033299205037417,0.0080154504009536,0.0035040728083312,-0.012738841509228,-0.0055903397400683,-0.0022190851054216,0.0134040446533686
2018-01-26,0.004695636277729,0.007965790060989,0.0008312424903103,0.0333863024352565,-0.0042591893926621,-0.014033654565785,0.0257756271908564
2018-01-29,-0.0070823282397598,-0.0052848002911982,-0.0127588510776282,0.0401855676375926,-0.0093415964745952,-0.0079028726188289,0.0039120544575035
2018-01-30,-0.0044062506985801,0.0039900144786001,-0.0143025150556338,-0.0030211020764631,-0.0053836175102983,-0.0004270896954617,0.0014841263865389
2018-01-31,0.0014679848197878,0.0011759787224784,-0.0027280450681917,-0.052552553756589,0.0015790591457899,-0.0215038751065311,0.0059187959484406
2018-02-01,0.0209131726895887,0.0047058778650622,-0.0173174945898009,0.1047618805416046,0.0340396370774809,-0.0097567815175551,-0.0109465776048951
2018-02-02,-0.0197164805952973,-0.0399002683550345,-0.02847715550101,-0.0956521517988564,-0.0074171062708579,-0.0147275401697726,-0.0320590744336979
2018-02-05,-0.0280106435445447,-0.0230042984502008,-0.0325990229237127,-0.0533980465663435,-0.0304501561652224,-0.0031616845868995,-0.0179901404519961
2018-02-06,0.0274506371028333,0.0319924658217862,0.0428116849686312,-0.0017451740916677,0.0208524257593818,0.0168351111901995,0.0192996667946076
2018-02-07,-0.0082131100083287,-0.0147306906773877,-0.0147827596318524,0.0454545181720639,-0.0054188682209452,0.0036122494724649,0.0060760754705921
2018-02-08,-0.0164119242255824,0.0215204690796296,-0.0138812478818851,-0.0335008370928122,-0.0337332561815026,-0.0013464443869156,-0.0152530816105056
2018-02-09,-0.0071818189062762,0.0109610116164979,0.0056975073361585,0.0085616436119172,-0.0161102594421545,-0.0064054867089076,-0.003034803557098
2018-02-12,0.0012182625579599,-0.0085735671540645,-0.0014545787464489,-0.0202361008158242,0.0037762532793388,-0.0083932486263201,0.0010764322117971
2018-02-13,0.0101538229755344,0.0089699279353551,0.001462289021997,0.0,0.0127780628720988,0.0138003639524195,0.0078500185812545
2018-02-14,0.0103077609782591,0.0062388320090501,0.021140876070585,0.0105634207196761,0.0070323309454664,0.0342599350074207,0.0152642390858223
2018-02-15,0.0197273345444884,0.0252569935277861,0.0137206071350473,0.0189982460299148,0.0210795390481159,0.0037729573794652,0.0077884380634014
2018-02-16,0.0028999784991149,0.0075210338017271,-0.0007083569092021,-0.0017006543438536,0.0020431363029891,0.000144748718543,0.0106332083230342
2018-02-20,-0.0035631226128669,0.0050482974884954,-0.0030291905235358,0.0017153051479764,-0.0074847319100158,-0.0351131490603513,-0.0084368130407754
2018-02-21,-0.0130141122114131,-0.0172637683895458,-0.0264474547256914,0.0221088308491197,-0.0066044390010271,0.0007496709751968,-0.0042105496785286
2018-02-22,-0.001374301477922,-0.0011705327179801,0.0034697305922221,-0.0089108434723918,-0.0052584213101854,-0.0149409830485638,0.0070935378252905
2018-02-23,0.0071933015520518,0.0060179609370057,0.0130019180706589,-0.00825082529026,-0.0009134714476144,0.0028662307856712,0.010752735009898
2018-02-26,0.0075406528662829,0.0071574331043289,-0.0009714989425277,0.0066224784946448,0.0140430104293733,0.0070506085431817,0.0113925157226512
2018-02-27,-0.0147384057583908,-0.027101489080899,-0.017795009092187,-0.0115321376300021,-0.0087838556518604,-0.0510828726637471,-0.0105820754062902
2018-02-28,-0.007647069092905,-0.0154669980453363,-0.0068762726586639,-0.0283806464045746,-0.0076853557795722,-0.0018776237235371,-0.0031740474100762
2018-03-01,-0.0025789856592217,0.0014968733298922,-0.0005928612688046,-0.0068610242953034,-0.0079600245417678,-0.0072122780382049,0.0039503213896806
2018-03-02,0.0193075596155188,0.019737795756852,0.0101129946152479,0.0365853382978449,0.0225598428457077,0.0350710494907257,0.018816445411356
2018-03-05,0.0148893498994368,0.0262493939649374,-0.0033471545693673,0.0166944903927584,0.022232293591828,0.0236280958507839,0.0164875768283781
2018-03-06,0.0102773746289761,0.0108459867454856,0.0086922649286959,-0.014754123375064,0.0126666598849827,0.0022268634875258,0.0035561174082234
2018-03-07,0.0077317024769482,0.0042023026597633,0.0082938781339802,0.0083612041200517,0.0018391225529813,0.1060207946603214,-9.152479043273797e-05
2018-03-08,0.0045403406105965,0.0020143797071718,0.0101602277190899,-0.0065898108871708,0.0052547301766257,-0.0608318653479714,0.0040300644822895
2018-03-09,-0.0011817675263239,0.0057265788778377,-0.008670534676479,0.0067001290798969,-0.0038253414536144,0.0448672741626618,0.0049090992320668
2018-03-12,-0.0012546854572839,-0.0079556409070818,0.0075610580807236,0.0066555996012403,-0.0035914668945496,-0.0138500824380249,-0.0001806218339063
2018-03-13,-0.0095373442400915,-0.007270165718276,-0.0045950194499896,-0.0108803140302061,-0.0145445900907494,0.0121731494160831,-0.004942070691286
2018-03-14,-0.0081225537620672,-0.0130167875045126,-0.0055661633267441,0.0016666412353515,-0.0088095637139312,-0.0021027273143299,-0.0041433894647967
2018-03-15,-0.0163221992305852,-0.0292711811321685,-0.016605533793179,0.001663931636561,-0.0086817697998865,-0.0139119149881423,-0.0149159418270749
2018-03-16,-0.0098507155866409,-0.0111623749478806,-0.0099999670888863,-0.0533333460489907,-0.0084940940063628,0.0071708615086659,-0.0091903319771833
2018-03-19,-0.0110391899105645,0.0009039860797179,-0.0033743942048101,-0.0088028170196481,-0.0169452954017137,0.0013351440837685,0.0021367833355424
2018-03-20,-0.0039692215158932,-0.004652522457936,-0.0081446135512383,0.0212389515564505,-0.0009436403893204,0.0092098776782564,-0.0029610409524185
2018-03-21,0.007646411379909,-0.0046889534105497,0.0106595504163554,-0.0086655111505847,0.008397276189022,-0.0077885770660876,0.0003738403320313
2018-03-22,-0.0152336181934019,-0.0037730180186123,-0.0215716384691435,0.0212389515564505,-0.0139323040156949,-0.0131796214982505,-0.0027140937732215
2018-03-23,-0.0150090290329475,-0.0109976550849702,-0.0166814950016094,-0.0086655111505847,-0.0153135896320345,-0.0070477375290252,-0.0103903453274013
2018-03-26,0.0095274407932009,0.0059607412300858,0.015012282162457,-0.0172711567123714,0.0065757537441123,0.0018953970823713,0.0041303149014186
2018-03-27,-0.0132811388774355,-0.0003106253414124,-0.0063595857573256,-0.0087412586246669,-0.0191800348746198,-0.0032272525434852,-0.0244456781081929
2018-03-28,-0.0017763764437953,-0.009609348255509,0.0088716878473773,-0.0035149518027427,-0.0044150184732584,0.0286549400266476,-0.0332147049118013
2018-03-29,0.0114949558611939,0.0129324061562484,0.0051304825528023,-0.0229276758301255,0.0180531308482058,0.0104886846463969,0.0022609313266097
2018-04-02,-0.0214084498954032,-0.0284747153156716,-0.0202222188313801,-0.0216606629943665,-0.0206880109854468,-0.0183662700766516,-0.024429187885614
2018-04-03,0.0016771729847515,-0.0011034000053516,-0.0002257308941656,0.0567766002830142,0.003166895749851,-0.003578031215911,-0.0007684356025903
2018-04-04,0.029108496179622,0.0306349254789806,0.0292649057904817,0.0351493839431686,0.0316331769039249,0.0360785264551485,0.0161555395624725
2018-04-05,-0.0018945936442747,-0.0092081962829067,-0.0017578118942616,0.0,-0.0009469913337558,0.0151181358677821,-0.0026520058196713
2018-04-06,-0.0065110420182609,-0.0040310408717901,-0.0006593138307006,-0.0017543591951069,-0.013789867144964,0.0092352325856917,-0.0038241064217402
2018-04-09,0.0003988469103673,-0.0004650252411017,-0.0042090967939303,-0.0104347560716711,0.00168228055269,-0.0139781932121353,0.0088038102291417
2018-04-10,-0.0097949559476,-0.0153227312972379,-0.0124251470397797,-0.0121317288333393,-0.0085509930808094,0.0250000039245857,0.0001892551848486
2018-04-11,0.0064514742098194,-0.0026763536274787,0.0089947762581897,0.0159292305465293,0.0062545618989466,-0.0019061240050619,0.0109066186443179
2018-04-12,-0.0041825669159899,-0.0124605819639432,-0.0091131325209161,-0.0035087853147271,0.0043010827177709,-0.0231721896841779,-0.0154595846901723
2018-04-13,0.0005452738598891,0.0059021016858724,0.002237102291148,0.0035211402398919,-0.0028429029729336,0.0010181070339876,0.0033191665589843
2018-04-16,0.0074787241792407,0.0139793654876857,0.0098214832343627,0.0280701486687911,0.0030879114685752,0.0167677137586807,0.0077038676814727
2018-04-17,-0.0048731769147378,-0.0062315237679582,-0.0022046359672124,-0.0170648468607319,-0.0110901653812541,0.0235026064324785,0.0074314483142013
2018-04-18,-0.0042244890959453,-0.0039271127960921,-0.0108359501379768,0.0225303157689996,-0.0011893253085557,-0.004934708696277,-0.0025828465937897
2018-04-19,-0.0160105425409584,-0.0151994788915755,-0.0141066070368949,-0.0135593091027211,-0.0179597708368026,-0.0496523324308963,-0.0111472787796314
2018-04-20,-0.0237338255995113,-0.0302494130644937,-0.0178733235721965,-0.0069084890386422,-0.0226608256439858,0.021696440275415,-0.0310652753935671
2018-04-23,0.006847689341882,0.0023186384096035,0.0154968160579626,-0.003460220857775,0.0027335186646665,-0.0084994834738655,0.0045497926178483
2018-04-24,-0.0118465614000387,-0.0042819850297008,-0.0073825911727566,0.0034662176827545,-0.0189935974438704,0.0097146234308573,-0.0047047321804194
2018-04-25,-0.0001419969754999,0.0099420431481144,-0.0067658826348252,-0.0051902982875508,-0.0022630161315558,0.0002003872420378,0.0149556451262641
2018-04-26,-0.0011784786574568,-0.013784052699662,0.0081799732806492,0.0382608828337296,-0.001004795632943,0.0081860807608406,0.0065944129833247
2018-04-27,0.0009584048999586,0.0008307534955752,-0.0008976865865028,-0.0686767543789305,0.0032663585579716,-0.0014794509003048,-0.0030834817044589
2018-04-30,-0.0167986173989052,-0.0225688156909278,-0.0203807349678292,-0.0178253124277944,-0.0147168907543594,-0.0086905477409391,-0.0144913559800907
2018-05-01,-0.0079734655625852,-0.0010202579814641,-0.0075205520287572,0.0072727550159801,-0.010908079920137,-0.0359669274839635,-0.0010495240236035
2018-05-02,-0.0288580999868438,-0.0327812562566049,-0.0225442722502061,-0.0054152173916037,-0.0306984077322908,0.0297532943585108,-0.027373664992917
2018-05-03,-0.0154092646765079,-0.0059828798995059,-0.03080906301006,-0.0018181540749289,-0.0087071719727861,0.0001006192152592,-0.0069785639805432
2018-05-04,0.0337769273065892,0.025553041136645,0.0312727494673296,0.0091743119266055,0.0373333740234374,0.0689078766198699,0.0225921405139151
2018-05-07,-0.0028646673527215,0.0118769306401493,-0.0047014752852638,-0.0007202181286993,-0.0087112519400907,-0.0429040466896408,0.008138784756675
2018-05-08,0.0011489129726646,-0.0006629253468045,0.0042735116272646,0.0,-0.0007769691484757,0.0187414056988926,0.0055871481041823
2018-05-09,0.0014299840668587,-0.002645062704124,0.0004706199641442,0.0036100531179365,0.0023267877941525,-0.0017667767406554,0.0063998295283286
2018-05-10,0.0053721353122413,0.0070945438186043,-0.0011717656247038,-0.0035970675131452,0.0066940865219299,0.0284847223083079,0.0105382269424735
2018-05-11,0.0007986212560066,0.0039247401108889,-0.0016381861824039,0.009090909090909,0.0005100856473008,0.0441224560254351,-0.0035382204600894
2018-05-14,-0.001553055019805,0.0027651591559592,-0.0042144769148735,0.0143885444912408,-0.0012732171244643,-0.0214246452173437,-0.0018668622549208
2018-05-15,0.0038630162569073,-0.0039031008605556,0.0011782057817114,-0.0231316587084073,0.0079284241787424,0.0334724523009746,-0.0026352826286764
2018-05-16,0.0032092085175254,0.0017921246079727,0.0079606686929548,0.0054447016345874,-3.841592989584385e-16,0.0100069292489828,0.0068939782901249
2018-05-17,-0.0036833147809264,-0.006979391347442,-0.0023304235487458,-0.0125448167116558,-0.001011145453457,0.0188578518314819,-0.0120266727015561
2018-05-18,-0.0015867936146926,-0.0067656742200612,-0.0085348650485282,-0.0036297087800487,0.0035434879851513,-0.0091627751489534,-0.010096183189979
2018-05-21,-0.0048311573311964,0.0047949887189536,-0.0038158799486667,0.0655737408754737,-0.0095669953785693,0.0209670009626402,-0.0039679053018866
2018-05-22,0.000656534393174,0.008855377493949,-0.0002383958478918,-0.0034129172943666,0.0007613903079969,-0.0070185075569939,-0.0084310759375748
2018-05-23,0.0058616842230041,0.006469314238007,0.008826401783007,0.0068610897275042,0.004072279045147,0.0095941184631573,0.0062530473785034
2018-05-24,0.0061835015852864,0.019585766384244,-0.0011834138949244,0.013628606927815,0.0030426660943332,0.0140307742710326,0.0005818402946413
2018-05-25,0.0111980286169215,0.0256290082062778,0.0089919801989584,-0.0167785239194965,0.0020253628115109,-0.0032614256733898,0.0029086974358457
2018-05-29,0.0026232691933958,-0.0027794981352397,0.0009425286715764,-0.0240136831818633,0.0061397205814773,0.0236434081150201,0.0008749400870754
2018-05-30,0.0089731451527226,0.0186843583162224,0.0063335784892957,-0.0035087853147271,0.0065956912305311,0.0115490878178096,0.0081410771022113
2018-05-31,-0.0134661941039183,-0.0184451084240495,-0.0107602125022842,-0.0440917101650916,-0.0100831290558204,-0.0013633986291742,-0.029685814646972
2018-06-01,0.0012398328816125,-0.0103875685107799,0.0049539770581816,-0.021897824446098,0.0045708557718025,0.013122060455222,-0.0075046364375284
2018-06-04,0.0042516765602967,0.0077978786428956,0.0076833064143313,0.0,0.0010064695304667,0.0009160465090041,0.0034695292728485
2018-06-05,-0.0155039211678335,-0.022101956073081,-0.020742054018013,0.033333319204825,-0.0115811401065658,0.0080750766044868,-0.0051302710075934
2018-06-06,-0.0006601195534794,-0.0056899100323522,-0.0011724044541354,-0.0340501386587785,0.0030480759420301,0.011630985158621,0.0022778619863173
2018-06-07,0.0055083145843767,0.0098945138776393,0.0064362444065126,0.001851823594835,0.0020386853449427,-0.0220252537718056,0.0036750372016339
2018-06-08,0.0133353908628047,0.0182195843888224,0.0125058698900226,0.0,0.0109275812414216,-0.0187932143714554,0.0211171017996456
2018-06-11,0.0210308662653141,0.0245772675935441,0.0306264441196395,0.0055350411962665,0.0115664842639663,0.0177999877929685,0.0125156001539246
2018-06-12,0.0014808809180701,-0.0090483863099364,-0.0002245300203749,0.0055453430724461,0.004721635655663,0.0308698587908291,0.0002852950914078
2018-06-13,-0.0022704739293893,-0.0021242150093134,0.0026966052108936,-0.0091911762127826,-0.0047111934733397,-0.0070071370790397,-0.0057913282041898
2018-06-14,0.0050893512037809,0.0103155388966033,-0.0042506138291565,0.0630797331155772,0.0082356334806091,0.0296721016972766,0.0093440444565005
2018-06-15,0.0154489541378304,0.0056988190113802,0.0243517895876565,-0.0175438596491228,0.0124007937446534,0.0119564363552422,0.0043420716808752
2018-06-18,-0.0151158990489514,-0.0088256746650342,-0.0216535794408181,-0.0196428298950195,-0.0127764237841778,0.0386523587050151,-0.0049962176673124
2018-06-19,0.0082754396895874,0.0118522839725439,0.008520203612467,0.0110091463141485,0.0082479841264348,0.0152188511785961,0.0041781640072818
2018-06-20,0.0055001944594204,0.0001500020423617,0.0002228783191521,-0.0072072347005208,0.0094105310392876,0.0235403115316171,0.0005673527999408
2018-06-21,-0.0063823342962861,0.0005987018608638,0.0037946871995023,-0.0214669182501526,-0.0009808019133727,-0.1298708540094525,-0.0078375998026012
2018-06-22,0.0097569052496379,0.0037230081060184,0.006006684164203,-0.0072992284078561,0.0120068083136654,-0.0012902196976295,0.0149239220971149
2018-06-25,0.0102950257209488,0.0181362925754695,0.0143297553446967,0.0165746139691404,0.0038750264922357,0.0058056058182068,0.0076378834067399
2018-06-26,-0.0014363621666793,-0.0014535770215067,0.0008692071953378,0.0253622770259376,-0.0057942509507271,0.0407978583570349,-0.0033676389636385
2018-06-27,-0.0063121239537333,0.0091903315152632,-0.0165591496293262,-0.0335688650601354,-0.0024336450170297,-0.0360934107738637,-0.0066579059315108
2018-06-28,0.0123713030859241,0.0075198355978603,-0.0180219713148179,-0.0146252143675026,0.000489247975565,0.019578633857121,0.0510755316343679
2018-06-29,0.001539229233536,0.0018641366044556,-0.0100648797171578,0.0,0.0066290316915837,0.014826994229467,0.008688852479099
2018-07-02,-0.0065606770286997,0.000287459024481,-0.013175870627516,0.0520445962224426,-0.0017102295211897,-0.0047455169266328,-0.0042179381207955
2018-07-03,-0.004689583055769,-0.0050223287595649,-0.0016054976438992,0.0087719298245614,-0.0065725522329348,-0.0063124656677244,-0.0071465630740193
2018-07-05,0.0234489964237953,0.0259572274696266,0.0265567728779218,0.0296684255772191,0.0212246620214653,0.0411301538116119,0.0182758857463967
2018-07-06,0.0076348004839262,0.0033525004252168,0.0008889092339409,0.0064935246948518,0.0114640447690765,0.0039521177371817,0.009299953377355
2018-07-09,-0.0074572146504602,-0.0189336012207031,-0.0053871575281616,-0.0221088308491199,-0.0051899321507621,-0.0159228270541741,-0.0015850708021416
2018-07-10,0.0003542475682552,-0.0004244910156239,0.0085758799738386,0.0,-0.0035519231069756,-0.0061861788546359,-0.0133868684660301
2018-07-11,0.0033330673308459,-0.0056553302261323,0.002017940710023,0.0,0.0071513523624433,0.0039222859400033,0.0038180633455953
2018-07-12,-0.0013898163184868,0.0002829980474106,-0.0035762146045946,-0.0207254012316925,0.0014154605839808,0.0191284576827155,-0.0091496378999485
2018-07-13,0.0080995705020163,0.0099332614746221,0.0046979660154002,-0.0265017674989132,0.0087141487178537,-0.002943152603741,0.0129229434413576
2018-07-16,-0.0142624269715393,-0.0071730259799668,-0.0224594642831695,0.0018115665351265,-0.0128324598513354,0.0023493939135446,-0.0057070943891517
2018-07-17,0.0112081177760036,0.0032661653353326,0.0072876268716971,-0.0125223746660433,0.0146885278377109,0.0131847507654657,0.0109201806951706
2018-07-18,-0.0183145861721985,-0.0247489750057751,-0.024009090297985,-0.018083182889627,-0.0133489387503463,-0.0136038501929393,-0.0149204221555565
2018-07-19,0.0062816978681628,0.0100129846951542,0.0074366652080452,0.0092250921210666,0.003802277577232,0.0326675047280947,0.0072482828331852
2018-07-20,0.0011299036460087,0.0017122590475494,0.0002307297942912,0.0220183626227422,0.0025980304665831,-0.0019814461515641,-0.0049822356613189
2018-07-23,-0.0103883839049987,-0.0027123830567983,-0.00946881881377,-0.0017985337565726,-0.0137245158398853,-0.0042627487739505,-0.0055154988060662
2018-07-24,0.0051471784902437,0.0077541774879395,0.0053662981558798,0.0,0.0058139943208324,0.0022107445701426,-0.0005970632557119
2018-07-25,0.0102555732314953,0.0092592813979484,0.0067036737581885,-0.0071942036359554,0.0121951219512192,0.0218969874309743,0.0059839026171537
2018-07-26,0.0025553306196073,-0.006587263220105,0.0086777174120413,0.0072595560246117,0.002548670313727,-0.0050228533065387,0.0027860011781923
2018-07-27,-0.0020212581080974,0.0037959269350029,0.0139765311847197,-0.024170277521297,-0.011520736922137,-0.0102549436747521,-0.0111699154653856
2018-07-30,0.0105441894353111,0.0081979057392889,0.0277528615778875,-0.0018484006828378,0.0027984824835742,-0.0222822303681878,-0.0043519252974286
2018-07-31,0.0017413914648049,-0.0065734436461976,0.0,0.001858778628931,0.0046317916055106,0.0111313944542266,0.0035860498556688
2018-08-01,-0.0154162214390081,-0.023899859607551,-0.0210640048225067,-0.0055970008507627,-0.0103973419809207,-0.017166337532959,-0.0019543151683433
2018-08-02,0.0147852012589848,0.0171761332982996,0.0166703705716679,0.0657894727407258,0.0110096330715051,0.0337881826897779,0.0183009349255138
2018-08-03,0.0196702963108027,0.0277778441938456,0.0285216931109707,0.0017636414951595,0.0108569507060761,0.0176133768086219,0.0123291879061258
2018-08-06,-0.0068112380457393,-0.001383210225372,-0.0021186925254642,0.0265017674989132,-0.010745340710275,-0.0367812929888128,-0.0004921059669852
2018-08-07,-0.0095442189839092,-0.0020819086679447,-0.0131634597021361,0.0087260036065866,-0.009229384505552,-0.0392734159690775,-0.0068144647804482
2018-08-08,-0.0190580670440926,-0.0158004070067765,-0.0296136759357264,0.0069323692529057,-0.0125786375888341,-0.0152166271198097,0.0029756403617786
2018-08-09,-0.0047879181400433,-0.0022389593445936,0.0004419990666006,-0.0086655111505847,-0.0080000035903034,-0.0051506084990392,-0.0040392207866699
2018-08-10,-6.939610083514631e-05,0.0042205320010586,0.0011078935492396,0.005244741836698,-0.004037092880041,0.0150252837661046,0.0058187608519096
2018-08-13,-0.0015821178762991,-0.006575282577369,0.00022002059903,-0.008695652173913,-0.0016678506740116,0.0027658776221139,-0.0008252060890349
2018-08-14,0.0025465083428327,0.0052010507415869,0.0028465310559971,0.0530035349978264,-0.0023827087421914,0.0337522000309743,0.0083429882421863
2018-08-15,0.0084686776222428,0.0096624391069431,0.0098296368488099,0.0151770916940657,0.0055314942786882,-0.0272472795895605,0.0167089931748505
2018-08-16,0.0058386079612745,0.0083217543248137,0.0060448786947674,0.0775578332670062,0.0042928763144692,-0.0083014695176512,0.0071485894750878
2018-08-17,0.014943798754329,0.0130709541036495,0.0170185468911941,-0.0169491874107233,0.0159371587619983,0.0040428352129162,0.0088594508918548
2018-08-20,0.0030202167970554,-0.0008131954403147,0.006984165736607,-0.0093603508331334,0.0016374197619699,0.0247338176569624,-0.0002370320786627
2018-08-21,-0.0184115237625799,-0.0224688155715658,-0.0280235575645545,0.0094339384986814,-0.0079254112003421,-0.0187108120518394,-0.0207921361201261
2018-08-22,-0.0030350795646403,-0.0020749968734152,-0.0054347826086956,0.0143083893378184,-0.0044759113778891,0.0377605476791529,0.0005667991483743
2018-08-23,0.0021876377839754,0.0055780439406743,0.0030802945500189,-0.003179662290742,0.0002376026876933,0.006337311198294,0.0064149484834666
2018-08-24,0.0057039201596522,0.0045756265819858,0.0074496090520328,-0.0340909063542404,0.0056938992901856,-8.898301978655708e-05,0.0029055738976434
2018-08-27,-0.0048777159065317,-0.0086717807237495,-0.0052049810299268,-0.0032154463100685,-0.003284057849887,0.0051334409693451,-0.0077780549099842
2018-08-28,-0.0068883467432583,-0.0026514433672393,-0.0100348840083212,-0.0081037276145437,-0.0058823529411764,-0.0312144759035682,-0.0018644889412745
2018-08-29,0.0054785939273233,-0.0008349128383905,0.00661082481268,0.0065466699814784,0.00686392699473,0.0091966153582848,0.0041222286711804
2018-08-30,-0.0006498233381143,0.0032159307568408,0.0032973775697316,0.0147058447706204,-0.0032880037182995,0.0083531085753482,-0.0004041340452128
2018-08-31,0.0069622029373077,0.0071549122469766,0.0041466309029777,0.0766666412353515,0.0080226555927034,0.0164859883778524,0.0066097026516297
2018-09-04,0.000361464340611,0.0013926487524808,-0.0017391702403195,0.0046729449535593,-0.0014058428505619,0.0194372532171602,0.0137316237150476
2018-09-05,0.0163224802285391,0.0157886999893293,-0.0024091241944627,0.0,0.030324629750229,0.0062553243434177,0.0119632555983749
2018-09-06,0.0159079419793151,0.0162826036332215,0.0318260953585535,-0.0124609884796137,0.0027669529522123,-0.0068997834613565,0.0161568435968135
2018-09-07,0.0053477824113715,0.0102263435703571,0.0162427507301245,0.0094636981022182,-0.000705024202932,0.0127579232133684,0.0112273501785331
2018-09-10,0.0024097948401961,-0.0016185965412726,-0.0044080412922569,0.0015577275431375,0.0072787361394779,0.0143240000319543,0.0051975285963792
2018-09-11,-0.0029934759975343,-0.00581946553969,-0.0130884303539098,0.0,0.0035120938678136,0.0335288241041743,-0.009584738333138
2018-09-12,0.0114423220596238,0.0089442475203435,0.0156049500060994,-0.0015600386349691,0.0114325211570619,0.0200470236574171,0.0052110709414973
2018-09-13,0.0032859406639955,0.0032189578999844,-0.0016781627738669,-0.0015503639398619,0.0082739743562203,-0.0173736574482283,-0.0018248592257255
2018-09-14,0.0028338450535735,0.0029481852480724,0.0037839038539107,0.0185759226932094,0.0013716862435167,-0.011944956942773,0.0077701605886658
2018-09-17,0.0013910011619561,0.0001338131812724,0.0056842201634458,0.0154083201307976,-0.0009143066406248,-0.0489395242981798,0.0034792484057099
2018-09-18,-0.0346556755037852,-0.0051532040198861,-0.0521907266645773,-0.0181542658992949,-0.0052631473277082,-0.0429133678012743,-0.0079370159971034
2018-09-19,-0.0061634384788666,-0.014429588508092,-0.0015787030803639,-0.0231838679451975,-0.0009199842674444,-0.0785894235154619,-0.0092296465105561
2018-09-20,0.0046278825030161,0.0024786601262454,-0.0009007186594187,-0.0047243974340243,0.0052703837179907,0.0312274644974493,0.0007692777193509
2018-09-21,-0.0008295126054734,0.0031532179852038,-0.0022442164662566,0.0110935147363996,-0.0024971762146826,0.0118548662880192,0.0005378972531834
2018-09-24,-0.0076028615164477,-0.0034440007247873,-0.008560510775854,0.0,-0.0084436087280133,-0.0168742548643421,-0.0029231144831729
2018-09-25,-0.0050837452091441,-0.0049682668354974,-0.0056779470118347,0.0267296323651399,-0.0077981689102514,0.0260582163402614,-0.0040063875535112
2018-09-26,-0.001261336146976,-0.0047058316663062,-0.003420700488055,0.0015243670190105,-0.0020770862862825,0.0060085184326608,0.0044076092881797
2018-09-27,0.0041794378447673,-0.0176791716877192,-0.0076107432290003,0.0075757575757575,0.0051342177021547,0.0111223372946949,0.0304417131416291
2018-09-28,-0.0025080461384414,-0.0018532413397673,-0.0037141052764309,0.0196672175759093,-0.0101383047450788,0.0096153872898125,0.0252120895779177
2018-10-01,-0.0044764981943434,-0.0025688640782037,-0.0069816859026123,-0.055801578070592,-0.0044165184725073,-0.0162120794752711,0.0046969327059659
2018-10-02,0.0057100693423827,0.0042783144696597,0.0053500705572553,0.008117456950967,0.0081622776446559,-0.0122235876870098,0.0050478278498603
2018-10-03,-0.0138652760622244,-0.0304956036463398,-0.0121754834403751,0.0203579179329375,-0.014739737831361,0.014613071196993,0.0013449487410015
2018-10-04,0.0051909588920932,0.0175129138315146,0.0109634064010567,-0.0109124156421774,-0.0037620468376312,-0.0130213867058417,0.0176215213914238
2018-10-05,0.0023270455442858,0.0055072065712749,0.0032296011366477,-0.026903062836964,0.0009437730019353,-0.01644433468345,0.0057045806551601
2018-10-08,0.0122407656172126,0.01006332090577,0.0190541320062109,0.0087967542355215,0.0108337045311167,-0.0126888303081258,0.0032441379161374
2018-10-09,-0.0106414962705693,-0.0169564325481841,-0.0138952298211645,-0.0130500848321504,-0.0076584318841052,-0.008824922483888,-0.0043981150328378
2018-10-10,-0.0023115075147469,-0.006791815202826,0.0161886429479668,-0.0574783861331749,-0.010070264578285,-0.0320918311095587,-0.0135154719122949
2018-10-11,-0.0251616061334811,-0.0187200819470666,-0.0267999168269481,0.004611310501776,-0.0289957471789045,0.0256098331012415,-0.0222041096973874
2018-10-12,0.0008409380125416,0.0004416781523207,0.0016267649735073,0.0070921763413266,-0.0012144580831743,0.0222491336402887,0.0035511990859714
2018-10-15,0.0057232983365961,0.0097043965885018,0.0106703567144514,0.0,0.002687530162018,-0.0113343636177211,0.0110692860461019
2018-10-16,0.0105670259357969,0.0124655839539197,0.0183612403641027,0.0242038292393267,0.0053579493094944,0.0323557486900916,0.0161648573773914
2018-10-17,-0.0020030005824718,0.0010060318048595,-0.0031674069509479,-0.0096784101703669,-0.0036311188790201,0.011214013405809,0.0055503527808148
2018-10-18,-0.0070007966346843,-0.0037238919703081,-0.0115488750746246,-0.011111123221261,-0.0048496788263681,-0.043195900933319,-0.0041291806226634
2018-10-19,0.0110275541392733,0.0167142595563615,0.0143475534116259,0.002569040631794,0.0077145539622869,-0.023786738597827,0.0154501442099387
2018-10-22,-0.0091637093789664,-0.0131413736536833,-0.0085335114267877,0.0188257865256957,-0.014975067094967,0.036612802818432,0.0051891599682589
2018-10-23,0.0056230482098128,0.0123738127832674,0.01067699263552,-0.0162317067996007,0.0,-0.003703650968144,0.0075730338597508
2018-10-24,0.0012325100334522,0.0014015203400091,0.007191004378072,-0.0339525781311904,0.0,-0.0418846067030945,-0.0002123835021963
2018-10-25,-0.0041339035897366,-0.0102412421442281,-0.0035850289846042,0.0541871155940936,-0.0036452374317548,0.0362267993484581,-0.0058367662620573
2018-10-26,-0.0128613647304975,-0.0170551014473077,-0.0200405177371398,-0.0038131215285359,-0.0115820896869315,0.0210128027796023,-0.0033847127944495
2018-10-29,6.823020282371568e-05,0.0122407610057087,0.0089142717633928,0.0066079005643603,-0.0076694105056125,-0.0257726775842634,0.0076056367635119
2018-10-30,0.0133982193814173,0.0138262329981444,0.0215536386335814,0.0148358969752389,0.0052505345583335,0.059499003858354,0.0307627113119104
2018-10-31,-0.0053207922407019,-0.0028931752293175,-0.0196956370211416,-0.0261699628525056,-0.0023764801441753,-0.0223084474324448,0.0034843205574911
2018-11-01,0.001215399164641,-0.0170480817070532,0.0084186331163107,0.0043997294466099,0.0080894637749874,0.0077625572742989,0.006306769037717
2018-11-02,-0.0190347164583787,-0.0120746503408551,-0.0387508731326615,0.0043263098580923,-0.0066256221111632,-0.0149267922265251,-0.0136138317815054
2018-11-05,0.0111269279293577,-0.0031570158336134,0.0165602260553296,0.036923100398137,0.0118455344905213,0.0101029143407256,0.0192961660162944
2018-11-06,0.0178962764123873,0.0173802884848942,0.0219216092186141,0.0219259756582754,0.0182798834653293,0.006463723104508,0.0110982837679808
2018-11-07,-0.0083300211247262,-0.0074131792576617,-0.0031826142078606,0.020579683607903,0.0004583056380247,-0.1239428710937501,0.0049573940724507
2018-11-08,0.0114388208172922,0.018119395859653,0.0169335892643073,0.0342426098817709,0.0071051467110849,-0.0154159653128386,0.0089333089192708
2018-11-09,0.009526146768506,-0.001228978432337,0.0186601133002837,-0.0338505144460806,0.009571516835046,0.0390563706533078,-0.0036436108835853
2018-11-12,0.0040109312089884,-0.0098552412317183,0.0095027691751553,-0.0360255063839106,0.0086226700872855,-0.0065408382775648,-0.0079771123224642
2018-11-13,-0.0093530994482862,-0.0150644701024654,-0.004596171827195,0.0066305370307307,-0.0123235317924623,0.0186698591055921,-0.0053686854738596
2018-11-14,-0.0007145992367899,0.0022464600502887,0.0011049555151502,-0.0462686339421058,-0.0009132629274911,-0.0368706465937427,-0.0040460642787194
2018-11-15,0.0070696281808858,0.0069254357242557,0.0075740734508964,0.0369084586998862,0.0066436905084218,0.015657933975385,0.0065687088286772
2018-11-16,-0.0048847112940574,-0.0124779843263599,-0.0221336873228272,0.0083077063927283,0.0061363740400836,0.006615312268421,0.0102370980347421
2018-11-19,0.000955777101028,-0.0001621091751506,0.0,0.0132552504124259,0.0045218350669089,-0.0280391681103172,-0.0052024199119625
2018-11-20,-0.0149583984294402,-0.0094703075411421,-0.0067445872335428,0.03024689802726,-0.021281379389081,0.0059531731749059,-0.016297839269592
2018-11-21,-0.0073423108455951,0.0029168742156256,-0.0183589659610887,0.0044776574889225,-0.0027522691762476,-0.0059971242201542,-0.0149355682225918
2018-11-23,0.0058317709001863,0.0014598564535332,-0.0004609462559347,-0.0110910948775569,0.0108495204066051,-0.02067302008868,0.0081244233981953
2018-11-26,-0.0105929555219813,-0.0029182928710309,-0.0232772144674004,0.0093542962884859,-0.0087956560285593,0.0079075298449253,-0.0067933182145006
2018-11-27,0.0103956763314003,0.011537196521125,0.0052095956213093,-0.0045044358744219,0.0155038827111937,-0.0343084141072419,0.0105783298994594
2018-11-28,0.0053796364300486,0.0155742877024407,-0.0016686458534241,-0.0026825679473778,0.0065714274600279,0.0232169141818339,0.0045489405816781
2018-11-29,0.0075712855423509,0.0108678329629596,0.0086021654355419,0.0100000554865056,0.0047382465234351,0.0094015585074869,0.0076392975716636
2018-11-30,0.0081652779466057,0.0149896739775108,0.0047494837340442,0.003598283420467,0.0082940804040004,0.0154540099968855,0.006914135536395
2018-12-03,-0.0038571568436567,-0.0077032176350435,-0.0133143451023905,-0.021489535354842,0.004461229981562,0.0200185884942501,0.0056422578025439
2018-12-04,-0.0227709705690897,-0.026796925993729,-0.033365323925578,-0.0561116261138637,-0.0157148977352112,-0.0462745217715993,-0.000395710068104
2018-12-06,-0.008100623630021,-0.0077732719390499,-0.0151214825990136,0.0680864381602671,-0.0029292714057329,0.0091371807435927,-0.0004613847517319
2018-12-07,-0.0171871118541683,-0.0066938750597893,-0.0273003486745035,-0.0308156099724258,-0.0070279158694516,-0.0387543674983779,-0.0090273798548786
2018-12-10,-0.0043206636426185,-0.0106645039826501,-0.0051626420824504,0.024937630654563,-0.0022711441492957,-0.0190927614288672,0.0029175946457745
2018-12-11,0.0019483039228187,0.0056170520311356,0.0005166741988298,-0.0177124025296789,0.0015858562707781,0.0093844989315183,0.0047309363897299
2018-12-12,-0.0037435937873384,-0.0040816326530612,-0.0097585327894011,-0.0086800633598268,0.0022742431508963,-0.0218368475841612,0.0029787394656746
2018-12-13,0.0008972436600552,-0.0019617285511982,-0.0114108512898295,0.0003105289200486,0.0151064286600512,-0.0260382696052237,0.0075649692308391
2018-12-14,-0.0149879665435473,-0.0075632865304305,-0.0165745141078069,0.0147150690512146,-0.0147059166212484,0.0086995527289903,-0.0239550912663104
2018-12-17,-0.02120975472679,-0.0161129768838853,-0.0179096009537048,-0.0747431167941242,-0.0201418466715171,-0.0483882710137113,-0.0316102664453653
2018-12-18,-0.0121780897375462,-0.0052400502719841,-0.0078399811399891,-0.0596070887312155,-0.0197720924780542,0.0103172740365877,-0.0060044002283821
2018-12-19,-0.0180959304455006,-0.0162588203684882,-0.0064432990957692,0.002505357676672,-0.0254177874415575,-0.0201622299874992,-0.0347477267454432
2018-12-20,0.0005812594540499,-0.0198358388593064,0.0230427101272475,-0.0172351718370424,-0.0055568868235802,-0.0250858786896385,-0.0165499423438143
2018-12-21,-0.0060028756949287,-0.0022503213966612,-0.0048717596592048,0.0193997325243717,-0.0078048706054686,-0.02192122932218,-0.0061155915527855
2018-12-24,-0.0296957060339037,-0.0288796078746021,-0.0294345314516524,0.0055534845338459,-0.0304519067115436,-0.0214559106730068,-0.0289045959753451
2018-12-26,0.0158137595758768,0.0196253756251797,0.0161332127346919,0.0387426696745518,0.0095911428157415,0.096406523985328,0.0279387312801201
2018-12-27,0.0135318472453336,0.0028080001526414,0.0185281599719989,0.0418168657888692,0.0110580200197301,0.018655513697634,0.0197334261919838
2018-12-28,-0.0073616137651947,-0.0012212089182991,-0.0081884210472886,0.0034722355596817,-0.007217543885633,-0.0258945620569573,-0.0079217859622619
2018-12-31,0.0011670510586277,-0.0031474088039535,0.0051625436132428,-0.0218371251225315,0.0002498331189113,0.0016022828771923,-0.0014342867522986
2019-01-02,-0.0041383584271337,-0.0024656462250486,-0.0100463522079943,0.0280071371135727,0.0047858595228629,0.0328711160640639,-0.0156771932156087
2019-01-03,0.0067298104635428,0.0033599017501265,0.016935844009698,-0.009554156248298,0.0002517527396354,-0.0268915969222626,0.004348760564999
2019-01-04,0.0168058458363251,0.0084477216616396,0.0178936805228008,0.0190475838064422,0.0220220492561816,0.0592274892948979,-7.312340775169219e-05
2019-01-07,0.0113633555849913,0.0085844051865978,0.0168298956501625,0.0324494176597058,0.0113133075799046,-0.0501475270110328,0.0083394251287369
2019-01-08,0.0072551452089064,0.0059079088982669,0.0073547249406004,0.0210169776011321,0.0186395650488048,-0.1547919279224241,0.0172564161427635
2019-01-09,-0.0013866328595185,0.0022483754548838,0.0017348128245683,0.0117994299459483,-0.006162558189054,0.0201769156341784,0.0015705429457491
2019-01-10,0.0146246591617176,0.0050000157849542,0.0247402287308439,0.0006461567018435,0.0097781980545678,-0.0035590379917107,0.0065014192625067
2019-01-11,0.003520468047116,0.0013675526676016,0.0084438713553421,-0.0177648337637189,-0.0016548391509873,0.0354694765937346,-0.0068046973448213
2019-01-14,0.0056225417166572,0.0027406619473238,0.003361329760371,-0.0210942447735567,0.0080683473543525,-0.0223759695460454,0.0043954504663288
2019-01-15,0.0078009232907898,0.0115981629334404,0.0052783401893547,0.0134453653287488,0.0058561725941023,0.0651813112008317,0.0062896833749549
2019-01-16,-0.0009912248055994,-0.0006761479991634,0.0071479444444847,0.0010010239350303,-0.0065192686617076,0.035751571355977,-0.0083131883137674
2019-01-17,0.0109915389871332,0.0057685809384092,0.0163198311572352,0.0003334521159772,0.0089076668887585,0.0195779746572705,0.0067364374848345
2019-01-18,-0.0008128804193948,-0.0018475077033946,0.0062500104860021,-0.0066666920979817,-0.0006913754256478,0.0125942216614364,-0.0144886774483646
2019-01-22,-0.0041745172996172,-0.0111185956978749,-0.006205393093127,-0.0050899091287829,-0.0006950597637381,-0.0042974929179041,-0.0052318192068053
2019-01-23,0.0052010102174222,0.0071538407459055,0.0075548995890994,-0.0298811899938097,0.005314222475125,0.0118113513569038,-0.0032984848108533
2019-01-24,0.0158335769390913,-0.0102986352799006,0.0016110401287709,0.0233380421282584,0.0,0.0005740502986938,0.0346118308362868
2019-01-25,-0.0137997256098762,-0.0003460286855999,-0.0061983574208339,0.0162460873970474,-0.0122543070357658,0.0149180302854444,-0.0293529409323885
2019-01-28,0.0101647415443722,0.0064069079114244,0.0029940367019225,-0.00481594052694,0.0124442070297731,-0.0016251987015275,0.0144867026469698
2019-01-29,0.0014870035756444,0.0043118317001346,-0.001603658473705,0.0251951411207847,0.0053240633836661,0.0008954058747892,-0.0056612637640371
2019-01-30,0.0046619213861697,-0.0049896267405294,0.0050585743277813,0.010778840871881,0.0080534352552117,0.0135354663277364,0.0068977169954444
2019-01-31,0.0356813157825924,0.0200518561453556,0.0162359728311203,-0.0144727797956179,0.0513635982166637,0.0195512400027728,0.0118667396617617
2019-02-01,-0.0074564638785128,-0.0086133816824691,-0.0102908070832526,0.0010467790232112,-0.0063236134249393,-0.0274906181691808,-0.005254235960628
2019-02-04,-0.0004919621783257,0.0017000760734431,-0.0090435838869875,0.0331492065666538,0.0080891761763741,0.0231140041579587,-0.0134478583058788
2019-02-05,0.0107647431110551,0.0054403212595116,0.017796001522049,0.0057413060719261,-0.0004347925600799,0.0042962274129225,0.0223660774335431
2019-02-06,-0.0020458645286573,0.0003381883322639,-0.0141636932238952,-0.0083250081346543,0.0058785207047614,-0.0057812333106994,-0.0097290267568631
2019-02-07,0.006957674696517,-0.012729865686374,0.0200000141942221,0.0013540625233251,0.0155055485974428,0.0133173696062569,0.0245363355390919
2019-02-08,0.0116628149217037,0.0007230823526394,0.005490772900795,0.0020491620401412,0.0175743408680709,0.022296012175664,0.0203769225569778
2019-02-11,0.0061058298189504,-0.0005386462043659,-0.0020417456635513,-0.0020436434619778,0.0128068795807919,0.0214904048096797,0.0063940444951249
2019-02-12,0.0088943227360301,0.0167266246528522,0.019322537887903,0.0088676750200556,0.0010526155170639,-0.0004516528172821,0.0076700585636806
2019-02-13,-0.0001964075958882,0.0045855082545807,-0.0082515372574862,0.0095726730477096,0.0023158023231906,-0.0193827800458175,-0.0019403912380155
2019-02-14,0.0011665118273812,-0.0026440633243786,0.0076940521193494,0.0095334957880847,0.0014814750227348,0.007181621558481,-0.0042985184484667
2019-02-15,0.0049303422070675,-0.0042082740471081,0.004460320300153,0.0030231827747391,0.0132548092635266,-0.0009026261094013,0.0003115202616486
2019-02-19,0.0111146924151758,0.0118061351356001,0.0164444817437066,0.0281595760890479,0.0092320316432582,-0.0138888616940688,0.0077706113997108
2019-02-20,0.0118881993554262,0.0186476067428794,0.0264538487116475,-0.01762974283298,0.0020881664249921,0.005909019161133,0.0070265130160387
2019-02-21,0.0092524406173413,-0.0018822176290062,0.0042780911858708,-0.0086350124082178,0.0104362346397921,-0.0328696716129618,0.0236473282405308
2019-02-22,0.0193415762530567,0.0021197479348342,0.0434588366472091,0.0087424421951184,0.0059022470931629,0.020474279350914,0.0273215808442094
2019-02-25,-0.014036139545025,-0.0228230206804011,-0.01134172447012,-0.007728479182373,-0.0108946252409561,-0.018923069880559,-0.0176692124193488
2019-02-26,0.0029675203201372,-0.0039187962788559,0.006659535518192,-0.0271186182054422,0.0033848074013678,0.0348024218187855,-0.0097507462439076
2019-02-27,-0.0037390035799723,-0.0042857442583356,0.0072727305366393,0.0020884571614004,-0.004856409190714,-0.087234064196864,0.0172114347270085
2019-02-28,0.0021299966228094,0.0069804796331554,-0.0004241878497649,0.0379746801485719,0.0014865086981822,-0.0197692284217248,0.0089781955681468
2019-03-01,0.0017239289954879,0.0076227673522233,-0.0006348947999338,0.0260751280904391,0.0008476566368176,-0.0087692040078095,0.0040393877567945
2019-03-04,-0.0129774353627173,-0.031565859169412,-0.0109936673604899,-0.0052875031791771,-0.0076028892767768,0.0076724601203917,-0.0133284908257783
2019-03-05,0.0014649893071567,0.0034811033406906,0.004290020753361,0.0102750899953084,-0.0019140823418055,0.0303406829382884,0.003917211879841
2019-03-06,-0.0004374324703003,-0.0060218616961996,-0.0023443478249559,-0.0154199252104058,0.0023474308348018,-0.023645052301612,0.0041943145682031
2019-03-07,-0.0035344040248059,-0.0023884083664588,-0.0023650139674026,-0.0069613247050978,-0.0031941591589859,-0.0099571314037012,-0.0074642448534942
2019-03-08,0.0022887113827354,0.000550203459853,-0.0004293786384168,0.0137372773998462,0.0019359034058623,0.0247077014305797,0.0080170365112187
2019-03-11,0.0077228647205209,-0.0031295686653235,0.0096857677961049,-0.0038049329274351,0.0109418218162376,0.0288082138587293,0.016443762112772
2019-03-12,-0.0041393737468609,-0.0038624073679998,-0.0019180805925561,-0.0950193810475029,-0.0040305182259017,0.0018467903451099,-0.0050324383631607
2019-03-13,0.0011189539217154,-0.0101550819536575,0.0053384580445224,0.0182975737068113,0.003395582577228,-0.00132290677505,0.0024484829064972
2019-03-14,-0.0006055499206947,0.0001859133154703,-0.0008421245374176,-0.0566627883662912,0.0002112023975702,-0.0218527050303593,-0.0005732161108938
2019-03-15,0.0046281792234522,0.0057450218411924,0.0,-0.0045492394112177,0.0078009472802889,0.0225039386013146,0.0048812572427495
2019-03-18,0.0041190333344268,1.4097080631143962e-16,0.0042176459439517,0.0120782592842237,0.0046006110854689,-0.0059484289453305,0.0076626133550244
2019-03-19,0.0010388888444633,0.004430527719759,0.0012717544065899,-0.0111110518062592,0.0010376230168661,-0.0053751251061183,-0.0031971363995893
2019-03-20,-0.002676731018672,-0.0082478143624048,-0.0010343243049797,-0.0120783387239832,-0.0008295502802719,-0.0210963931132101,-0.0086764896906863
2019-03-21,0.030329879713995,0.0409141409763388,0.0375285380566082,0.0370525962428042,0.0176973206417141,-0.0005303232891005,0.0257732409241443
2019-03-22,0.0054077440990457,0.0070997785728711,0.0103544493254473,-0.0175869239982831,0.00696864411166,-0.0447080648707349,-0.0061431405431936
2019-03-25,0.0076502352225376,-0.00211309640161,0.0108824540383331,0.0037500063578287,0.0073394620989018,0.0343319717282521,0.0093266936559607
2019-03-26,0.0074089401708728,0.0151648849274454,0.011718720023055,-0.0041237270709164,0.0046408300214511,0.0092987900082375,0.0030361747651507
2019-03-27,-0.0034512198862021,-0.0092222478290676,-0.007352961800915,0.0157350341249552,-0.0014084445422467,-0.029624078506814,0.0073126846081873
2019-03-28,0.0043818015227384,-0.0033239787826483,0.0013614063013281,-0.0108783425094068,0.005911069969679,-0.0109838968313225,0.0069750036708097
2019-03-29,0.0079820442750946,0.0086131426212662,0.0056354628971388,0.0028536360727591,0.0084848114938447,-0.0097049687141521,0.011890395440035
2019-04-01,-0.01136869168216,-0.0257391224736752,-0.0144955542263179,-0.0190514516376563,-0.0058023392993885,0.0208933701295326,-0.0013947360419981
2019-04-02,0.0008445363968974,0.0023122954570499,-0.0001961587742935,-0.0057875689915739,0.0002014572097124,-0.0138518309908227,0.0035887105851802
2019-04-03,5.762554786412277e-05,0.0080057066406137,-0.0104289410169133,-0.0020781063246206,0.0050525465301713,-0.0244481523334268,0.0027854197654707
2019-04-04,0.0001261617277271,-0.0045846998012804,-0.0033710486340238,-0.0012479486482101,0.0,0.0288809291120143,0.0043610656672398
2019-04-05,0.005210589321173,0.0085227191910023,0.0125373346888603,-0.0066611092574062,0.0004027478418268,0.0173912942269175,0.0029714536515296
2019-04-08,0.0074787503380358,0.0133944007587442,0.0098405822965167,-0.004201616694398,0.0008069581556103,0.0338436886652703,0.0123505387488176
2019-04-09,0.0032074356959826,-0.0036604338222488,0.007104808039488,0.0016870905555428,0.0036393107259942,-0.0113604189788567,0.0032722512435463
2019-04-10,0.0053420709058933,0.0054157503407336,0.0109824973555599,0.0159865020382231,-0.0014064636162424,0.0218523949037855,0.0064461875332773
2019-04-11,-0.0039397484119618,-0.0072702437305612,-0.0029007486721594,-0.0028889680621825,-0.0034109547175383,-0.0151579801797212,-0.0016850924204959
2019-04-12,0.0024797059942241,0.0036610718660759,0.0040880456207209,0.0066006538334522,0.0016093710023759,-0.0154367692005597,0.0040459089987121
2019-04-15,0.0066993424597397,0.0114404552456781,0.0005804332519103,0.0049180672585856,0.007413322641073,0.0068773960475402,0.0075412062676301
2019-04-16,-0.0045669794014976,0.0015437419170786,-0.0048337199168495,0.0036600305827333,-0.0047657203248219,0.0145767968361222,-0.010974803197076
2019-04-17,-0.0020530398202482,-0.0076870645012253,0.0021301435254007,0.005267388944859,-0.0031752301915085,0.0241263932971225,-0.0084546555632905
2019-04-18,-0.0033468334328799,0.0034334894925228,0.002519888887977,0.004446265617188,-0.009295909967111,-0.0015971925523546,0.0082289041653944
2019-04-22,-0.0014359741665683,-0.0023931519598022,0.0005800227878739,-0.0313901523118532,0.0009973915019991,0.019273339671135,-0.0107561954410301
2019-04-23,-0.0025938751797984,0.0027458356985613,-0.0133462752654515,0.0063051539620736,0.0037871725800435,0.0346366855872062,-0.0106598969575226
2019-04-24,-0.0009695284414652,0.0029109274743764,-0.0041265295144683,0.0066666603088378,0.0003971496727814,0.0235225163330783,-0.0028991396785911
2019-04-25,-0.0017717546436972,-0.0065157933831223,-0.0045589601339567,0.0075282436773107,0.0018028877381623,-0.0277707045245323,0.0047920214356281
2019-04-26,0.0097266135044415,0.0207940011638792,0.0106825108541531,0.0132890239135422,0.0031916984640535,0.0137917545891312,0.011114002613658
2019-04-29,0.0067988002230074,0.0030272503859284,0.0,0.0016474055620892,0.012219563956856,-0.0041827150708729,0.0071578430957986
2019-04-30,0.0046561284240292,0.0097119558690893,0.0078324168449025,0.0201978469289052,0.0057357019967026,-0.0536128874747983,0.0039121478947506
2019-05-01,-0.006899339469767,-0.014600979947427,-0.0048487198087918,-0.008888861145636,-0.0069230886606069,0.0281364646379064,-0.0087108907361405
2019-05-02,0.0014566627364991,0.0077274754481615,0.0043102939275014,-0.0008180146069356,-0.000388358403178,-0.0467122834005826,0.0053944303259735
2019-05-03,-0.003024121282441,-0.0163734302248278,-0.0009759757467755,0.025306156703404,0.0023237593590835,0.037863143384197,-0.0062695368710235
2019-05-06,0.0112689473743383,0.0286738765357488,0.0062585505210124,-0.003640782972808,0.002525689728674,0.0334716510312268,0.009692741561435
2019-05-07,-0.0037392831171551,-0.0033135442309623,0.0025459704254134,0.0008136882760681,-0.0064277723037375,-0.0370050190378169,0.002751019676312
2019-05-08,0.0007322358367085,0.0012241989235857,-0.0074146549876143,0.0312753259207044,0.0029492274750604,-0.0131786542437426,0.0081699346405228
2019-05-09,0.0096935726546833,0.015998590547183,0.0092265652409477,-0.0027711676243053,0.0094358079873177,0.0011204738003499,0.006169612771799
2019-05-10,0.0137663136790325,0.01681985870472,0.0072308532308407,0.0084303891251571,0.0168594518457086,-0.0116271178289063,0.0123417144604836
2019-05-13,-0.0006134573271207,-0.0065337185198107,0.0127102372631329,0.0187067540308349,-0.0023387788612396,0.0003632886659368,-0.0060664889313952
2019-05-14,0.0024882634872618,-0.0086700193493199,0.0038632559623526,0.003210269801811,0.0062378109080563,0.0025992823852098,0.0003236862580319
2019-05-15,0.0071401305930972,0.004728554553045,0.0096320555089526,0.0101461041474306,0.0060171073473718,0.0210435160315711,0.0072124798854649
2019-05-16,0.0065361602499382,-0.0015654922588322,-0.0061045346433031,-0.0225262011078885,0.0153846007127028,0.0204768446280824,0.0036063727653019
2019-05-17,-0.0016934325848739,-0.0007010325020088,0.0067243476262945,-0.010377750038044,-0.0066565666913239,-0.0139928253250235,-0.0001289932436467
2019-05-20,0.0035834290040765,-0.0035310869543547,0.0068768026904438,0.0076563293672217,0.0026845519760716,0.0252664391937965,0.0024589420170926
2019-05-21,-0.0053678320174443,-0.0042268029047059,-0.0072010813875085,-0.0025380485402492,-0.0036280051667769,-0.0004085079361912,-0.0117004647284588
2019-05-22,0.0014157869978645,0.0042410616331446,0.004191224975634,-0.0088983469672387,-0.0017248016876489,-0.0253570604673981,0.0114405213697441
2019-05-23,0.0094637845594057,0.0083009754427682,0.0157795029492831,-0.0355460346957738,0.0038580393971984,-0.0152461288479289,0.0086491425807002
2019-05-24,-0.0065415364880442,-0.0103237119306239,-0.0119737957065135,0.0031069548464643,-0.0017234804765232,-0.0112143380301337,-0.0068475112187648
2019-05-28,-0.024034921341172,-0.0368932055832889,-0.0281529303942919,0.0809608421657095,-0.0226270425819683,-0.0178223629841299,-0.0143768662160022
2019-05-29,-0.0102529589768643,-0.0240295614367236,-0.0163098725688885,0.0202616940234451,0.0037276559183564,-0.0197485076125219,0.0032784736608038
2019-05-30,0.000407378364604,-0.0154980097748823,0.0078447786723448,0.01232535888167,-0.0007798969548317,-0.0033839446736348,0.0129183510950997
2019-05-31,0.0071846994412489,0.0215743555664071,0.0174932799228614,0.0278818167769047,-0.0046976253229594,-0.0118774180211326,0.0076197382870368
2019-06-03,0.0160795172406809,0.023592043975852,0.0244790426259811,0.0040783189071297,0.0113770466116651,-0.0030992864098169,0.0042831519472295
2019-06-04,0.0008196983727413,0.0109239061455897,-0.0001964692798803,0.0192386126681677,0.007146975634791,0.0016150635687048,-0.0292271649985639
2019-06-05,0.0050909687042678,-0.0050642537413217,-0.0052376423231748,-0.0100401607963862,0.0132057153437124,-0.0003815570953722,0.0111190199337841
2019-06-06,0.0063408523842167,0.0123434435159251,-0.0001947472049762,0.018137878783802,0.0082987292136953,0.0005353060473483,0.0074093234555349
2019-06-07,0.0038825069022175,-0.0012486566733758,0.0036807912696194,-0.007125902753159,0.0053973742415421,0.0375758084383876,-0.0012658034698872
2019-06-10,-0.0034689258480613,-0.0249242968990457,-0.0069632612193232,0.0144404575188401,0.0044485238253118,0.0149254364518512,-0.0051346913381537
2019-06-11,0.0057287856800634,0.0164353826418032,0.0248532386631448,0.010693087436185,-0.0071717429567522,0.001786224549925,-0.0007647872648526
2019-06-12,0.0019239269872926,0.0044666784803915,-0.0009494727915955,0.0074335108774468,0.0034951917692362,0.0156059319756662,-0.0031723875265764
2019-06-13,0.0028068212024184,0.0051491640109862,0.0056937380826905,0.0219349569479374,0.0023844656460695,-0.0227527413851596,-0.0016548565070708
2019-06-14,0.0041588700957864,0.0007068548404221,0.004702784061655,0.014160001956255,0.0060306653690747,-0.0137922084270908,-0.0003829794280049
2019-06-17,-0.0064089403780141,-0.0070237317036034,-0.0097196347245545,0.0280302947655633,-0.0045454545454545,0.0160197838703058,-0.0085449020156546
2019-06-18,-0.0170881214594745,-0.021854100137212,-0.0155780412044591,0.0025716974261094,-0.0169369121929547,-0.0185290401749418,-0.0152544854354462
2019-06-19,0.0084992440204084,-0.0063165218387459,0.0181401715164262,-0.0080704076121542,0.009719468290092,-0.0207066370652924,0.0137993559188167
2019-06-20,0.0024099790719004,0.0023610107187724,0.012558612986045,-0.0171689763948677,-0.0007207372167088,-0.0548646683791781,-0.0013445477329101
2019-06-21,-0.0027876679615638,0.0056078397275059,-0.0049963074239343,0.0609612917796182,-0.0036068667301647,-0.0078296272349072,-0.0100653424056511
2019-06-24,-0.0018900736865901,0.0023356282513766,-0.0061111450195313,-0.0207533015383257,-0.0005418854582033,0.0041568531709558,-0.0033620241715716
2019-06-25,-0.0030950988878628,-0.0121377169272146,-0.0031557113851118,0.0419303574822425,0.0034364012219728,-0.0158050353527744,-0.0113019894173929
2019-06-26,0.0056661219129962,-0.0039135125805032,0.0182576303787685,0.0,-0.0103579812369295,-0.005502315445056,-0.0103153225815346
2019-06-27,0.0233295014087257,0.0035848797492262,0.0199218836438377,0.0148345141143793,-0.0025801583851667,0.0177145555336067,0.0676027062821061
2019-06-28,0.0017011541572063,0.0060093839403609,0.0070948978151256,0.0353422913913646,-0.004984246856061,-0.0065045403582211,0.0033658424181678
2019-07-01,0.0036101889236445,-0.0098311775328697,0.0083191992150479,0.0111511288416779,0.0062534515222971,-0.0526113778702199,0.004256989749034
2019-07-02,0.003196374503631,-0.0031787242034485,0.0020583947076785,0.0091904670597058,0.0023714167974998,-0.0053606534063181,0.0147720173207349
2019-07-03,0.0292336906042027,0.0612358904424691,0.0092867756051809,0.0168480009158485,0.0086752128384518,-0.0069376305697868,0.0239010727822168
2019-07-05,-0.0085103022799791,-0.0278891145879359,0.0005539940618937,-0.0190179542050343,0.0016242583078095,0.0120720940549015,0.0014266839399572
2019-07-08,-0.0030744081646458,-0.0021601968232738,-0.0033192016724172,-0.0095070584996595,-0.0010811058250634,0.0045879501817901,-0.010410260774191
2019-07-09,-0.0057757814242451,-0.0097490688116574,-0.0050392021003473,0.0248844928483237,0.0014466877424669,-0.0431147716084466,-0.0105782876860631
2019-07-10,0.0026387278111744,-0.006709025137713,0.0150866342709883,-0.0186270787320493,-0.0005400034782678,-0.0283760657677284,-0.006185670471781
2019-07-11,-0.0174763477228981,-0.0094339707518187,-0.0201243775556501,0.0198581365529017,-0.02096770940757,-0.0073749249871105,-0.0029847032263903
2019-07-12,-0.0032873233323393,-0.0049252181551757,-0.0037285750412974,0.0017378948997219,-0.0045628763610613,-0.0018538054973129,0.0064126635354661
2019-07-15,0.0006122331477908,0.0064043634830522,-0.0069172319119776,-0.0062283843443504,0.0021985879050756,-0.0037152214683935,0.006104091613802
2019-07-16,0.0016199081835698,0.0019960190370764,-0.0018881887433871,-0.0113434847646042,0.0049541368397003,-0.0027530867033269,-0.0017499923706053
2019-07-17,0.0051732901582945,0.0132078801554233,0.0074059891906285,0.0085653021840572,0.0021909609436154,-0.0256250245230539,0.0007502508150295
2019-07-18,0.0082433058435336,0.0146011342067694,0.0049037781834862,0.0092068070463564,0.0065609735257779,0.0415596218284116,-0.0019316643203432
2019-07-19,-0.010409241475418,-0.0075424750594336,-0.0130914671209772,0.0169252303210857,-0.0109910019883164,-0.0056823282572523,-0.0087417667801428
2019-07-22,-0.0050268230673583,-0.0026459289965649,-0.0073793642555998,0.0013816582771878,-0.0058224108470668,-0.0036693881906756,-0.0013829596314488
2019-07-23,0.0042674315651369,0.0248239413090011,-0.0047492401766471,0.0117241431926858,-0.0021853748355166,-0.007508955029405,-0.0057698224305639
2019-07-24,0.0010351209207102,-1.2990453574767166e-16,0.0112918689490504,0.0034188164605034,-0.0047549768613636,-8.833468103828077e-05,0.0042362048143136
2019-07-25,0.0104075185293509,0.0044742439993519,0.0172283198157852,-0.000680056370875,0.0062881478547599,0.0047219387254746,0.0144661607200607
2019-07-26,0.0035344986212216,0.0037600619896474,-0.0024177248839222,0.0200203653320253,0.0062419707172444,-0.0027850277682732,0.0089368981429221
2019-07-29,-0.0011169184402788,-0.0057862519111625,-0.0003723093318911,-0.0006605170842182,0.0016432381200597,-0.0145673253474922,-0.0026395428451538
2019-07-30,-0.002771284825452,-0.0001707072150469,-0.0033420034002225,0.0428901737814252,-0.0029106757114614,-0.0051509932408036,-0.0070768855168268
2019-07-31,-0.0169228196278113,-0.0005150005029506,-0.0111710758582855,-0.0075424190263963,-0.0274545149369672,-0.003747641385643,-0.0148511744138551
2019-08-01,0.0210176630590248,0.0443131585330075,0.012750730679378,-0.0028391214644106,0.0044952553139252,-0.0041207479690997,-0.0113650484806219
2019-08-02,-0.0040440586575084,0.0050729182868647,-0.0059237262516206,-0.040562075122246,0.0056116581032207,-0.0734488650753565,0.0060674468946504
2019-08-05,-0.0226194153136343,-0.0140507912040135,-0.0134503534919623,-0.0211480714586638,-0.0255644509793607,-0.0350290037863205,-0.0286861599112689
2019-08-06,0.0043426148850066,-0.005483873428837,-0.0036053593672786,0.0284649320932829,0.0101338929584261,0.038345137338727,0.0032255984628005
2019-08-07,0.0133818848970998,0.0008136572244064,0.0103092227914975,0.0195483627305235,0.0144321747765928,0.0229284996918437,0.0294003699493754
2019-08-08,0.0200814420691827,0.0242583739985323,0.0301297077122718,-0.0154249860172624,0.0157116878519869,0.0125000293438254,0.0140017849292794
2019-08-09,-0.0040047308399328,-0.0060741857380692,-0.001111548236381,-0.1446350253370066,-0.0059978522048181,-0.0049500643251265,0.0073316644649486
2019-08-12,-0.0008085664573977,-0.0066097026516297,0.0064911405916911,-0.0349019368489584,-0.0045871559633028,-0.0289938956056272,0.0116422131789378
2019-08-13,0.0076277929194917,0.0152202471980721,-0.0001838264689355,0.0333468763617685,0.0060840340366071,0.0281509140088693,0.012909120501894
2019-08-14,-0.0143458708149421,-0.0148847681176295,-0.0090305543480835,-0.0356601104815026,-0.0209790096880253,-0.0063488368228361,-0.0002400176635424
2019-08-15,0.0112533091131763,0.024516136415543,0.0066703835873446,-0.0011751149956373,0.0067390607018187,-0.0387217380150787,0.0132502356425895
2019-08-16,0.0043757695088477,-0.0017217187572769,0.0030993981471628,0.025272221743078,0.0090657111079258,0.0300416027721965,0.0010013439634042
2019-08-19,-0.0014174756000503,0.0093999444917637,0.0021786297729769,0.0236525273884605,-0.0032882773046496,-0.0136127016526722,-0.0125945115735197
2019-08-20,-0.0133077225641134,-0.0160286735100094,-0.0130884826026985,-0.0048908638502536,-0.0051593657072988,0.0228828113534877,-0.0268589880792085
2019-08-21,-0.0027330659756218,-0.0029902807470657,-0.0043939558488241,-0.016296316076208,-0.0023884083664586,0.0006614977794942,-0.0003104622657132
2019-08-22,0.0043953730176948,0.0070955656879821,0.0049623315295141,-0.0029651565998292,0.0014697412439627,0.0035890148533248,0.0085088530073726
2019-08-23,-0.0158392122247523,-0.01001720763441,-0.0211717435303667,-0.0018664107017704,-0.0148787211430302,-0.0509626422474197,-0.0115563665396163
2019-08-26,0.0059694810159538,0.0033102601468453,0.0027865076366225,0.0148257829991467,0.0113277739579642,0.0098561010154103,-0.0009892034751739
2019-08-27,-0.0142179786987403,-0.0214308324924687,-0.0282665363775885,-0.0240524721052005,-0.0014679235055905,-0.0055211130048293,0.0107880560827928
2019-08-28,0.0106651836102938,0.0041766798639871,0.0209494556632895,-0.0118124655969649,0.0073421719757689,0.0136799059602914,0.0068202802479357
2019-08-29,-0.0022994810192526,-0.0006349351671005,-0.0013103649798496,0.0084964737653951,0.0050908868963068,-0.0600801355625387,-0.0097128081480248
2019-08-30,-0.0031415847805146,-0.0023828677372663,0.0013028046793334,-0.0057887066188588,-0.006834483162708,0.008372862443775,-0.0064055823785188
2019-09-03,0.011187773305197,0.011111123221261,0.0096690306724933,0.0054545315829191,0.013294473579765,0.0182404262557879,0.008666279585475
2019-09-04,0.0009430815613317,-0.0053391983504789,-0.0034862133341097,-0.0036350556393214,0.0066272419801169,-0.0044554153291305,0.0030972579587844
2019-09-05,-0.0072451540868132,-0.0136556104910822,-0.006056190509994,0.0014357145478258,-0.0046099668297202,-0.0096799263948796,-0.0118279321372037
2019-09-06,0.0057080050190966,-0.001554702652294,0.0140221090559996,-0.0140696311725839,0.0047906397239122,9.920785817042712e-05,0.0030398833474451
2019-09-09,0.0004513459175344,-0.0012451646856761,0.0098092810719569,-0.0021231233353305,-0.0040557140883343,0.0086267006419963,-0.0227341622878397
2019-09-10,-0.022482001858894,-0.0144087422228865,-0.013031696302319,-0.0014184721434445,-0.0301677724544675,0.0138463210110549,-0.0271281941873293
2019-09-11,0.0060629057773267,0.0136659877034963,-0.0001840996851347,0.0620763370850419,0.0036825067793231,0.0388482525669991,0.014041820777979
2019-09-12,-0.0056758067072476,-0.0117902316526137,-0.0116937583592438,0.0574518673258869,-0.0001823845601761,-0.0213400518835812,-0.0075466762448733
2019-09-13,-0.0026743609368053,0.0015810035434164,0.0031598882166056,0.0034931918434769,-0.0069775479215224,-0.0063712197487869,0.0015936763420771
2019-09-16,0.0085006114359581,0.0059936473859998,0.0156424607198069,0.0019047449505518,0.0029690081503852,-0.0018053479272937,0.0116970397363452
2019-09-17,0.0128535136829545,0.005170821570553,0.0102808435109947,0.0072623789606017,0.0197613979372185,-0.0108411557206481,0.0015118446898714
2019-09-18,-0.0086330248917839,-0.0128802265612789,-0.0199496876802279,-0.0452687409897862,0.0003656390765028,0.01231439388805,-0.0027553537145677
2019-09-19,0.0009524464496738,-0.0006271104044465,0.0001838602673191,-0.0084773468612672,0.0030982683971547,-0.0175228398093826,0.0022546540645078
2019-09-20,-0.004723331668347,-0.0029724441825983,-0.0036676499673446,0.0006584968673826,-0.0067248078663468,0.0161852006684459,-0.0032986791892509
2019-09-23,-0.004306095984479,-0.0087719513150457,-0.0108276772694806,0.0223316381211645,0.0009164082808293,-0.0183333644160518,-0.0076378277373226
2019-09-24,0.0005814806049604,0.005824063492704,0.000369284671714,-0.0116903297423151,0.0009090770374646,-0.0124590335461797,-0.0058465135498388
2019-09-25,0.0005813719332623,0.0006248190819245,-0.0023941265182654,0.0111111232212611,0.0016333966439247,0.0042836452657736,0.0023099662435715
2019-09-26,0.0003993438317742,-0.0081865739386049,0.0125207197197788,0.0012754785523031,0.0034233986794413,-0.047305666730142,-0.007845734552302
2019-09-27,-0.0048615887377618,-0.0041945667382353,-0.0023636557839132,-0.0246005932646582,-0.0010820806576276,0.0103020478567071,-0.0265102382709017
2019-09-30,0.0005122154869873,0.0017123383251792,0.0025463694218639,0.0129954389086099,-0.001083448395337,0.0241130027981232,-0.0033159306732197
2019-10-01,0.0118967890656351,-0.0201863823129787,-0.0134228489775013,-0.0006363492704255,-0.0124706744726505,-0.0078777954046841,0.0517197377533898
2019-10-02,-0.0137236585993288,-0.0155629589207332,-0.0241608510475431,0.008243446860688,-0.0099046388663492,-0.0295600217361584,-0.0055535322262929
2019-10-03,0.006003203615328,0.0024092760989847,0.0031954542576574,-0.0325202946549506,0.0053476105103316,0.0115896063997584,0.0141810294805066
2019-10-04,0.0164955682462844,0.0051192372118692,0.0134378010713048,0.0473903158478992,0.0219058194538143,0.0081372728534774,0.0096205590178209
2019-10-07,-0.0041102062775124,0.000478831262031,0.0079526596560523,0.0250077613014677,-0.010955470671843,0.0079813092454167,-5.94097788134321e-05
2019-10-08,-0.0079636442299205,-0.0129289920760245,-0.0051441994805621,-0.0087323373538704,-0.0065549309478646,-0.0404129070719116,-0.0099810352986398
2019-10-09,0.0016881868299513,0.0019354666433027,0.0066914612538427,-0.0030092830423904,-0.0016351771637142,-0.0104912836108394,-0.0022784799471988
2019-10-10,0.0093141442729614,0.0106951848517881,0.0122335465816246,-0.013237136558007,0.0105781141161465,-0.0274752929731851,0.0036344182980511
2019-10-11,-0.0104454756041527,-0.0019276936848957,-0.0083926817669099,-0.014848535711115,-0.0152685198864485,0.0018587392811096,-0.0071708494322986
2019-10-14,-0.0067727008006349,0.0009625791245182,-0.0071691763493825,-0.0064024112608935,-0.0089562762195072,0.016914185283971,-0.0120606393525095
2019-10-15,-0.0084960463681581,-0.0075320706604182,-0.0090572620626583,-0.0092024310154092,-0.0069826767034845,0.0085971320977888,-0.0161930583276441
2019-10-16,-0.0060293630112505,-0.0111254211805252,-0.0177238241657947,0.0021977925898218,0.0048139630496305,0.0213276979557393,-0.0063793756673829
2019-10-17,0.0042665573452293,0.0151762454912119,0.0081858045910568,0.0377358739537622,-0.0027381839088016,0.0021429337956452,0.0075832992520842
2019-10-18,-0.0058257565967074,-0.0048201003159935,-0.0062405791298985,-0.0027413995604093,-0.0052948861256808,-0.0180400394779306,-0.0015447355762295
2019-10-21,-0.0106307365594376,0.0043387507592767,0.0028647385300448,0.0223361859315397,-0.02226685892165,0.0040498189525951,0.0061342431185829
2019-10-22,-0.0173377621340176,-0.0068788434174439,-0.0281529303942918,-0.0068228878220963,-0.0149504627575106,0.0351822452536289,-0.0146120138228437
2019-10-23,0.0016614302793281,0.0016100221081695,0.0023501552811852,0.0173357565786993,0.0015218153227906,0.0078583050565867,-0.001182615560755
2019-10-24,0.0022461863110725,-0.0048418211990535,0.0005872900983066,-0.0038817874469926,0.0051165521209304,-0.0013088948284104,-0.002555973148489
2019-10-25,-0.0077121302257144,-0.0140867706529946,-0.0125122812366271,0.0481672291255675,-0.0060274947053022,0.0192703230045797,-0.0051807115428005
2019-10-28,-0.0047562524808892,-0.0004910587530192,-0.0100969775981121,0.009001201673992,-0.0045584363060053,-0.0110091463141484,0.0019385751453596
2019-10-29,0.0031936119354832,-0.0020635090177022,0.0011904277138353,0.0162624738154494,0.0051369948765045,0.0273015310613821,0.0129724452947562
2019-10-30,0.0041409804167901,0.0088439888817117,-0.0023608644945731,-0.0039637426630259,0.0050221811712232,0.0197939484226996,0.0020279102791054
2019-10-31,-0.000302576228986,-0.0054790589067954,0.0003934000335098,0.0190092115267138,0.0040198904618187,-0.0123742487936483,-0.0133243163503179
2019-11-01,-0.0045602834333028,0.0033086352675876,0.0037261937724003,0.0025503017923779,-0.0121511185095462,-0.0162946089138638,-0.0011814602210731
2019-11-04,-0.0046718825249086,-0.0023543825668991,0.0035156309080774,-0.0048050304836136,-0.0067191106372784,0.0086081636733256,-0.0127102385428836
2019-11-05,-0.0002143319029702,-0.0034515408677413,0.0038918226369883,-0.0099459644154531,-0.0032773890967022,8.913765539689017e-05,0.0059463716505446
2019-11-06,0.0061681939223146,0.005620618160793,0.0129344014191261,-0.014129229358561,0.0063596422227078,-0.0520767696345318,0.00037682292762
2019-11-07,-0.0074401314756266,-0.0090187846116612,-0.0030686584059277,0.0244115128251319,-0.0082422178564398,-0.0377358490566039,0.0089936646275548
2019-11-08,0.0322653330109299,-0.0006246619021178,0.0111710680182882,0.0129125045234539,-0.0017367841203764,0.1098507553783815,-0.0023739917874983
2019-11-11,0.0145940376652419,-0.0056399906004141,-0.0017159228079835,-0.0082035958514221,0.0032926237735505,0.0849716856595024,0.0058304054077968
2019-11-12,0.0022016786700368,0.0074015940268208,0.0026809533967023,0.013016386035272,0.0003842547177106,-0.004488785836038,0.0043009566347154
2019-11-13,0.0087225072493795,0.0049930931893276,0.0019047328404017,0.008171233787403,0.011904740977084,0.006166597903539,0.0150716864042889
2019-11-14,-0.0034849744115463,-0.0075921576823473,-0.0062429403564946,0.0022222730848524,0.0030337474842635,-0.0422552487021491,-0.0051842282795158
2019-11-15,-0.0009878868027664,0.0107863440400081,0.0009522577291209,0.0027623887296563,-0.0045232128204883,0.0018155801911593,-0.0037425645118905
2019-11-18,0.0114857772133322,0.0072352405684601,0.0058957312247688,-0.0030437358109934,0.0085502708304535,0.0347293313496127,0.0184649472361652
2019-11-19,0.0026928420741532,-0.0006120091057803,-0.001698116086564,0.0110803751464328,-0.0060343145802437,0.0780642748674989,0.0030825613480341
2019-11-20,-0.0017071224572746,0.000918517435304,0.0041548140290082,-0.0013850204757316,-0.0049363647346108,-0.0502958387242485,0.0108336028762015
2019-11-21,-0.0067431456395001,-0.0073618980062235,-0.0124528273096625,-0.0233967037153238,-0.0036356416534879,-0.0090025209696171,-0.0064473874184899
2019-11-22,-0.0041340308019352,-0.0070801766327514,0.0040015069798854,0.0304140208984402,-0.0097496104538599,0.0066249466875128,0.0010195403823006
2019-11-25,0.0013981890491702,-0.0046411363643337,-0.0032141836057309,0.0214966235517644,0.0036644637800921,0.0353740025379822,-0.0048378283105003
2019-11-26,0.0107020943101566,0.0164519254007916,0.0090874582546305,0.0193633826913326,0.0099808152205986,0.0010264180836835,0.0117385844208468
2019-11-27,0.0005226143656596,0.0,0.0007485201451212,0.0137269818937733,1.3927732993233684e-16,0.0023887962202779,0.0029598059650641
2019-11-29,-0.0065305076101993,0.001384037659152,-0.0026187690244291,-0.0025510787467359,-0.0105460936852318,-0.0055429621641589,-0.001651617892485
2019-12-02,0.0071020559628589,0.0077017870317681,0.0071563291720323,0.0088082944566912,0.0083969201125249,-0.0046632852735846,0.0021320734221997
2019-12-03,0.0020004866608674,0.0036691308719273,-0.0003725851266746,0.031414957580628,0.0018857682655162,-0.0099502557828877,0.0105885433529673
2019-12-04,0.0075071948583702,0.0112308208759015,-0.0039244831070786,-0.0273168175859793,0.008698923509478,0.0430677758047323,0.0106150127688983
2019-12-05,0.008833452405278,0.0010657687956603,0.0150659712758317,-0.0091623633986397,0.0076778995448794,0.0030050559493186,0.0059592719785485
2019-12-06,-0.0038715196562443,0.0047033460987646,-0.0122290130161963,-0.0023560248898006,-0.0011131979887275,-0.0042875922776368,-0.0023781230732901
2019-12-09,0.0021169214246637,0.0060478005680404,-0.0052394982502286,0.0115425617454101,0.0059424271846173,-0.0243581439057509,0.0030776305593989
2019-12-10,-0.0002872342181832,-0.0007497833247456,0.0003758071646923,0.0216257945090823,-0.0047864197900202,-0.0012304318621261,0.0140244691410663
2019-12-11,-0.0142381355202024,-0.0067567110893709,-0.0280760857798694,-0.0140556918488997,-0.0053485966248302,0.0191510702983461,-0.0039689950814384
2019-12-12,-0.0118465586612623,-0.0061560967283529,-0.0055823082053585,-0.0166452682171823,-0.0157904934034014,0.0202207729513314,-0.0197278775860685
2019-12-13,0.0042011088530358,0.0028762102396039,0.0001938034794268,-0.0028938910947539,0.0071888207288596,-0.0272307212245133,0.0092185260471398
2019-12-16,0.0057093735869557,-0.0028584690524584,0.0108066649283856,-0.0076336115481595,0.0043006646261222,0.0320463775062452,-0.0011918257555837
2019-12-17,0.0035557552085347,0.0010601195837999,-0.0007661543043244,0.0257758950667296,0.0080134235258764,-0.0025523542155185,-0.0034009982306725
2019-12-18,0.0055650209746235,0.0009034205004891,0.0094912679784263,0.013107127307458,0.0023896553266845,0.0026421474608235,-0.0014310743757438
2019-12-19,0.0064857269116626,-0.0023902547994293,-0.0052355793136413,-0.0174046662525534,0.0069381242457407,0.0836135185823045,0.0064581824950486
2019-12-20,0.0014837264033327,0.0108983482642116,-0.0087442087572676,-0.0150258559400272,0.0052622194214396,0.0144927536231884,-0.0055558982672856
2019-12-23,-0.010925119536999,-0.0007264717481854,-0.0143952221649238,0.0269012136480119,-0.0133405744038564,0.0188732721708287,-0.0108817575122173
2019-12-24,0.0019379001585516,0.0015983814420134,0.0030291527515435,0.0022779082867951,0.0009101392975553,0.0009259117974175,0.0053178739627308
2019-12-26,-0.0031663038545119,-0.0043502817045544,-0.0105700524373274,0.0305994796435138,-0.0021830588305832,0.0085692824489104,0.0079030357366131
2019-12-27,0.0080838222310642,0.0072822600252195,0.0119862488005585,-0.006287746822915,0.0063717180443584,-0.0121284131555637,0.0110013555887717
2019-12-30,-0.0014415762741627,-0.0018865894050734,-0.0037778041826635,-0.0217496738194235,0.0014566976278583,-0.0028464344648271,-0.0026925278912341
2019-12-31,0.0054150113808348,0.0056711798470371,0.0153554762709199,0.0086548541222551,0.0005450062563113,0.0126605929042893,-0.0038150553858741
2020-01-02,-0.0176946253021771,-0.0215535646313926,-0.0279694195436405,-0.0128681133315315,-0.013258255067724,0.0227002595600327,-0.0108637680282008
2020-01-03,0.0024630337060199,0.0071090548104002,-0.0055523821188785,0.0192258403555481,0.004444475527163,0.0003615738635129,0.0150891561217029
2020-01-06,0.0016364599456142,-0.0008823170381435,0.0097925941551924,-0.017384697671535,-0.0044125366145015,0.0101295910914738,0.005638474949138
2020-01-07,-0.0039266612607553,-0.0073572149231926,-0.0013384263067947,-0.024621771168071,-0.0024052001840938,0.0077687500818417,-0.0143501259857818
2020-01-08,0.002680870363612,0.0015993110250633,0.0093350704534371,0.0021305414828272,0.0003701732040631,0.0051504446033698,-0.0111655895430016
2020-01-09,-0.0021926068958326,-0.002596657616391,0.0022962638812903,-0.0347621033639429,0.0018487423523571,-0.0172939097810409,-0.0149960604700479
2020-01-10,-0.001333934788173,-0.0001443726386649,-0.0045723313162941,-0.0171102953106162,-0.0040389428267444,-0.0019129084241917,0.0155206188961778
2020-01-13,0.0071302412188784,0.0043220776046012,0.0131755290334013,0.0253792598329741,0.0042310437758259,0.0291483437577556,0.0060864271541429
2020-01-14,-0.0019677565934422,0.0041601049969306,-0.0018832104895413,-0.011048230683611,-0.0080542272158777,0.0225577081360497,0.0083378945599294
2020-01-15,0.0045061293298081,0.0038570949009487,0.0077416890955407,0.0024456563710265,0.003851144395214,-0.0080839564093081,0.0026320658385218
2020-01-16,0.0037887038589652,0.0034042250180075,0.003549457234057,-0.007842101652709,0.0065656900170009,0.0077593028920991,-0.0046447854065163
2020-01-17,0.0005213310123636,0.0009885566620205,-0.001112991531457,0.0324061788414196,0.0003627213998013,-0.0161729781374473,0.0080678349964376
2020-01-21,0.0094190134499011,-0.0015556584892633,0.0107887248728275,0.0070978036610262,0.0105531630406912,0.0021639401250025,0.0136214848079942
2020-01-22,-0.0028785792838175,-0.0019886276507673,-0.0058931804663048,0.0013301206932052,-0.0048439262582221,0.0044793202589773,0.0053024337955958
2020-01-23,0.0028315543151798,0.0088800164607847,0.0076165675917845,0.0544973919277573,0.0016260190617704,-0.0640728254308955,0.0118894149817639
2020-01-24,-0.0126654373260708,-0.0196522968057615,-0.0121390447007173,-0.0042584713612927,-0.0079236203202117,-0.0549671003249389,-0.0091811904762113
2020-01-27,-0.0015785927973212,0.0020322164448947,-0.0020626402882946,0.0124809398730422,-0.0032804867628889,-0.0083028205307258,0.0022050999754821
2020-01-28,0.0053730162625977,-0.0001448689251401,-0.0022586626043573,-0.0057600686320684,0.0053151959957985,0.0120959866480301,0.0107120783575488
2020-01-29,-0.0018880830974473,-0.0075416485291034,0.0001885764135586,0.0095911428157415,-0.0058308981158189,-0.0316702388717119,0.0146060828006628
2020-01-30,0.0378161500398232,0.0080491059216292,0.0128181020726713,-0.0104478103400876,0.0496251116847609,0.0002036265563511,-0.0132944492267767
2020-01-31,-0.0186003790736616,-0.009295561420949,-0.0259279868275184,-0.0200694093419628,-0.0186420408727806,-0.0143819221638344,-0.0145373608387935
2020-02-03,-7.968778735335019e-05,0.0037911125677195,0.0072229816328963,-0.0005069824430133,-0.0041529966199104,0.0113741228814923,-0.0060310098762434
2020-02-04,-0.0105892566847098,-0.0070839652557561,-0.0149953000926253,-0.0381873738955052,-0.0082887159989826,0.0046415288444375,-0.0165238497496681
2020-02-05,0.0020503138937647,0.0078465695716641,-0.0011402044814066,-0.0085998307631711,0.0027700805412325,-0.0124409382308221,0.0022270375746632
2020-02-06,-0.0030937294473833,-0.0118343525659331,-0.0116590331404745,0.0646713549454667,0.0154701791853455,-0.0108790204020167,0.000678974224315
2020-02-07,0.0062599926412685,0.0143850754277109,0.0025111274283509,-0.0278684549164674,0.0030779806187545,-0.0114005273917385,0.003815589243817
2020-02-10,0.0109556388587178,0.021735661585116,0.0088631805577747,-0.0385200327681151,0.0085513936986709,0.0087982894655845,-0.0032289434706206
2020-02-11,0.0031099089944196,0.0105214210543826,0.0066780857687481,-0.0036026605107963,-0.0025415371859622,0.0077518718255775,-0.0022003582238772
2020-02-12,-0.0025045672485035,-0.0195555510344327,0.0034123280602043,0.0246977855814253,-0.0022004242397788,0.0054227288292052,0.0112124655167369
2020-02-13,0.0053224151390385,0.0138930557533374,0.0017013260868029,0.0135678624592663,0.0016969026574452,0.0252116835710764,0.0134659784816459
2020-02-14,0.0056309418528083,0.0093917298184434,0.0026331241144837,-0.0057001127864684,0.0086192690892821,-0.0164121363896267,-0.0046533755042264
2020-02-18,0.0099537402748792,-0.0011899721413063,0.0198095412481399,-0.0047381205471016,0.0118724690266115,-0.0099536758337609,-0.0079407573804744
2020-02-19,-0.0084282327542094,-0.0128052496047846,-0.0059746020653352,-0.0037500381469728,-0.0091896282553517,-0.0249275539232337,-0.0053362735023375
2020-02-20,0.0067661977202104,-0.0016722501123879,0.0174812084932081,-0.0010118163942629,0.0018666317628017,0.0094527059526583,-0.0019493882261821
2020-02-21,-0.0031192034471351,0.001834787681771,-0.0020359173206888,-0.001510892973483,-0.001699209459879,-0.0557796171552619,-0.0066144159672276
2020-02-24,-0.0008631955108024,-0.0027829360594692,0.007501904129188,-0.0425531894087729,-0.0077332352442372,0.0234888520905249,0.0005594257308522
2020-02-25,-0.0157921967038824,-0.0196412650871091,-0.0214232771859359,-0.0679559175504868,-0.0121275250889701,-0.0107191051987864,-0.0144990782532816
2020-02-26,-0.012909301463593,-0.0136706307389795,-0.0117513068917539,-0.0588573914437757,-0.0080251061919349,-0.0206281521570301,-0.0309493632256231
2020-02-27,-0.0283978285732201,-0.0183397585657476,-0.0322331970541791,0.0629652194048338,-0.0367881463985521,0.0580692768959436,-0.0170733348185872
2020-02-28,-0.0030041219557541,0.0078333536783855,0.0026601405966151,0.0392098587032015,-0.0069587915107521,-0.0221202176805724,-0.0145601858661344
2020-03-02,0.0495456022711437,0.0486630185970454,0.0447063768313222,0.0889976971183215,0.0564316425181524,-0.0130680244506487,0.0385532576543391
2020-03-03,-0.0068771640793708,-0.0079176561824009,0.0048638130851832,-0.0322070006943594,-0.011367688095143,-0.012423832667767,-0.0170492203509221
2020-03-04,0.0339348809428802,0.0189424562989835,0.0320060285150974,0.0077914317925591,0.0429701444722312,0.0063414224764196,0.0117694035638286
2020-03-05,0.0055116648943163,-0.0010983790260006,0.016092826206057,-0.0327914051255883,0.0007039935892677,-0.0082192233751717,0.0097329721905905
2020-03-06,0.0258102262152337,0.0205103439166542,0.0412547917603117,0.0415353987189129,0.021846862493858,0.0254226516326206,0.0069518264953357
2020-03-09,0.0294889555806398,0.0365387941603008,0.0478033928436957,-0.036771115871781,0.0264509878178675,-0.0175531881435146,-0.006689663591056
2020-03-10,-0.001037883816032,0.000318124035366,-0.0106090732720543,-0.0572496536208623,-0.0014548432189994,-0.0439793322131966,0.0334879540691908
2020-03-11,-0.0111965426546942,0.0037422640036198,0.0001891472080545,0.0052582171146684,-0.0200336958974184,-0.0049441795394062,-0.0116623686817306
2020-03-12,-0.0195966122795738,-0.0056391289896326,0.0162601468425822,-0.0464366502234477,-0.0349380710277575,0.0106172750644933,-0.0550354001249545
2020-03-13,0.0215122162525129,0.0597636119664773,0.0100094196725267,0.1357983501017594,0.0257856324543749,-0.0045044690492359,-0.0046450258802012
2020-03-16,0.0232942734686275,0.0717834935425613,0.0805667898643961,-0.0859424502325199,-0.0282267049687152,-0.1071875095367432,-0.0254230372871749
2020-03-17,0.089874306319687,0.0919703720963709,0.1058191101066152,0.1270603965988149,0.0647764737087062,-0.0725217072860054,0.132244873046875
2020-03-18,0.0244766187928478,0.0246656160095298,0.0017345788633885,-0.1219435559926712,0.0260083829172522,0.0206165173918886,0.072961017648837
2020-03-19,-0.0562529954105315,-0.1026876843895742,-0.077504698882449,0.2683797407176722,-0.0306970503387971,0.032619158114522,-0.0727044492526425
2020-03-20,-0.0374357600100861,-0.0920774318368781,0.006981111922354,-0.1078045581242826,-0.0594876595044057,0.0176580069964952,-0.0039190423782573
2020-03-23,-0.0562812636550754,-0.029710133459808,-0.0966756086843618,-0.0205333117287966,-0.0320867820738815,0.022723138819889,-0.0872423809902232
2020-03-24,0.035749961666094,0.0275749120254572,-0.0163165257388982,0.0639586750015697,0.058529898121279,0.1252143967854467,0.0662285760646805
2020-03-25,-0.0052182389715476,0.0030356815883091,-0.0097671948553271,0.026896964075531,-0.0075333293374529,-0.011675461390403,0.0055056294503641
2020-03-26,0.0542605397376628,0.0446221923828125,0.0458062866304879,-0.0479867055795262,0.0605075011623615,0.0598720344564104,0.0612705451308143
2020-03-27,0.0296149288809917,0.0303187796775774,0.0577668487323471,-0.0075646880888321,0.0099114559015508,-0.0398289503049451,0.0247888840268168
2020-03-30,0.0393489630876966,0.0087777206015443,0.0298876781136149,0.0731424911285405,0.0475312360079901,-0.0125115475026459,0.0603703251591434
2020-03-31,-0.0187382274004619,-0.0181668874529422,-0.0225967990882595,0.0751351021431589,-0.0258704147112414,-0.0199153277191023,0.0096525532505659
2020-04-01,0.0144513209623608,0.0352482950384304,0.02667176669212,-0.0503876156200711,0.0062008935600927,-0.0595744595834999,0.010570802417423
2020-04-02,0.0410954013539897,0.0172528357098198,0.0433460581774712,0.0387812073422254,0.0441450998573104,0.0201719270257292,0.0495843896473614
2020-04-03,0.027263526839156,0.0477917190391236,0.0463099314797331,-0.0353591869341774,0.0085385285934128,-0.0098684160558868,0.0224852845357982
2020-04-06,3.306839801698833e-05,-0.0162639293179584,0.0230496312391771,0.042257448045034,-0.0162601743292869,0.0672819167599754,0.0208865059626103
2020-04-07,-0.0220800345857693,-0.0195924767233208,-0.0252159388720804,-0.0394736842105263,-0.0213489715019845,-0.0400670489422641,-0.0149429725516808
2020-04-08,-0.0069099948094936,-0.0182108533136741,-0.0064182672378714,0.0328090848543593,-0.0044213675550244,0.0317459944208656,-0.003874843670803
2020-04-09,0.0218728751973795,0.0288619571899379,0.0347935868524092,-0.0389610389610389,0.0106197958551427,-0.0087883673558218,0.0388473999857409
2020-04-13,-0.0031673750885957,0.0057655448153319,0.0099824817873253,0.0124584932515658,-0.0068728637459058,0.0613235024844897,-0.0279158216856551
2020-04-14,0.0117174130172633,-0.0040701648698037,0.0063269311693058,-0.0192459672123101,0.0273274954902672,-0.0542364290811674,0.0034717592465799
2020-04-15,-0.0054813010637914,-0.0105312508675559,-0.0100587137212066,0.012588918252522,-0.0029701104619365,-0.0162995687991589,0.0036841944644327
2020-04-16,0.0044309699261245,0.0105578030036444,0.0203429571920799,0.0089212760579442,-0.008167786067071,-0.0277653481066539,0.0108617767085873
2020-04-17,-0.0064587710534285,0.0099409664018659,-0.0009880022022605,-0.0329411325891033,-0.0121906142381357,-0.0295219709515933,-0.0050101047870871
2020-04-20,0.0077491225983526,0.01766515442141,0.0044634920743028,0.0164383143594818,0.0077241867609024,0.0045312643051146,-0.0005762217067475
2020-04-21,-0.0217457214385856,-0.0051625260269389,-0.0183908492367786,-0.0071703897840172,-0.027603216865363,0.0185039062488216,-0.0284062548480484
2020-04-22,0.0049853079329476,-0.0180659236645925,0.0043383667647127,-0.0171756014960102,0.0106445339897144,-0.0046969327059659,0.0096774277799175
2020-04-23,-0.006268486361723,0.0057695737163362,-0.0018388600954988,-0.0013907993323908,-0.0107920132044838,0.0202969408576285,-0.0016461447819702
2020-04-24,0.000508084329956,-0.0126309260313022,0.0066577513147625,-0.0514253833248467,-0.0003888869851252,0.0042132922826177,0.0149351202818003
2020-04-27,-0.0024433755156536,0.004939791615533,-0.0105575618760332,0.0381368684565723,-0.004062663765755,0.0484892481522594,0.0119992302191167
2020-04-28,-0.005213415695016,0.0067361059929875,0.0114484589591552,-0.0238486552303128,-0.0170957199552114,-0.0158623513221855,-0.000318998735297
2020-04-29,-0.0067642911903961,-0.003378396981328,-0.0057708537512404,-0.0090509606320302,-0.0112338140433017,0.0536142499744857,-0.0003833219841301
2020-04-30,0.0066532724009245,-0.0151857179941403,-0.0100826547165546,-0.0047026826131909,0.0180091009181847,-0.029295138405633,0.0059004501010092
2020-05-01,-0.005629168830038,-0.0052146680031368,0.0013445685891545,0.0680464326632394,-0.0086038058654738,-0.0149173572869583,-0.0062423658183484
2020-05-04,-0.0077992112666734,-0.0184986053156896,-0.0018382454891555,-0.0082425250800366,-0.0137903264655003,0.0172986432749252,0.0203565600625506
2020-05-05,0.0028153178683859,-0.005503986055689,0.0018425562637487,-0.0487675636075247,0.0021908108416114,0.0126361399263171,0.0172709449859103
2020-05-06,-0.0038957790073354,0.0124802071145611,-0.0166750038293275,-0.0064879982309274,-0.0122143213630042,0.051170623129827,-0.0026145304441053
2020-05-07,-0.0097330994676933,-0.0273079659405818,-0.0104394500464134,0.0459283509813681,-0.0090872993713737,0.0362220603135387,-0.0024804285632506
2020-05-08,0.0028758875894288,0.0074355517720388,0.0062299871306152,0.0021215018031551,-0.0013733508563421,0.0227832381161915,0.0094153771033652
2020-05-11,0.0022475679130603,-0.0069074165798479,0.0140070057610388,0.0063291584930335,0.0039533655334298,-0.050755074835431,0.0011539076714472
2020-05-12,0.0044095015902784,-0.0004720357669272,0.0199053253023656,-0.0654545573445109,-0.0090444175963897,-0.0533188405279741,0.0149882029807404
2020-05-13,0.0009779773307055,0.0094383903885711,0.0146871327044522,-0.043998831051827,-0.0195845277687703,0.0294117363472714,-0.0005929951821968
2020-05-14,-0.0082913808402249,-0.0117994425247574,-0.0238506271564666,-0.0020827043603997,-0.0048231083574146,0.0084522882692768,0.0129270862704536
2020-05-15,0.0096416331545258,0.0069149555134843,0.0045009258658555,-0.0259546217184869,0.0092929107974275,0.0345335491654962,0.018658393338253
2020-05-18,-0.0063967412811272,-0.0108610858244779,-0.0228498669668223,0.0408039820264018,0.0045329037175402,-0.0178817310676834,-0.018589616362939
2020-05-19,-0.0199493698126141,-0.0200910186421402,-0.0177907529717373,-0.0455065888689662,-0.0217647178500306,-0.0051752383496882,-0.0177076839030247
2020-05-20,-0.0033981732552506,0.0024065090129179,-0.0022924413025714,0.0144585921301747,-0.005795381898911,0.0006382718999335,-0.0027575743444076
2020-05-21,-0.0121305975641046,-0.0163487813390315,-0.0154376520960976,0.0262927706080859,-0.0066519215278106,-0.0162334087989056,-0.0199390981155137
2020-05-22,0.0101564803290567,0.0133833799363113,0.0028432541619374,0.0206126886462247,0.0136651437961179,-0.0152787364002393,0.0088043672183486
2020-05-26,-0.0074978971831455,-0.0028892505197447,-0.0010003563479316,-0.0284931757678724,-0.011363630314158,0.0054968740047413,-0.0125859237346
2020-05-27,0.0177224666277834,0.0387459777789594,0.0213266242491116,0.0298549020722299,0.0116535666269407,0.0333471744570477,0.0070847635191367
2020-05-28,0.0075613727986648,0.0055333634162427,0.008963481610001,-0.0144230000170151,0.0114105448645306,-0.0164427453857423,-0.0067937585237145
2020-05-29,0.0119219526280772,0.0067827160996211,0.0131790369452993,-0.0021887282634005,0.0104691175195918,0.0469564842750958,0.0160093379543982
2020-06-01,0.0062743835197196,0.0088509360881893,0.0096933196789035,-0.0010962157765793,0.0042283533704533,0.0031067931536331,0.0032386779785155
2020-06-02,0.0020653919105833,0.0127330047346885,-0.0001576877846814,-0.0117937552378847,0.0013422759880359,-0.0043082523828617,-0.005217183781622
2020-06-03,-0.0192940305687221,-0.0259043905196051,-0.0333385583707769,-0.0529347326834606,-0.0079984418657479,0.004423540900735,-0.0057611917226702
2020-06-04,-0.0077153617615962,-0.0078197198203757,-0.0003290631484922,-0.0119013015481026,-0.0130844773754766,0.0105884299146611,-0.0176598718942825
2020-06-05,0.0141049448064592,0.0115615842183623,0.0056050140692902,0.0071103527043502,0.0182205587115476,0.0218918946412232,0.000351335463446
2020-06-08,0.027426879903548,0.0292674834537658,0.0348043327084344,0.053606037994555,0.0236777105930365,0.0219952574825766,0.020496167502385
2020-06-09,-0.0012951173182685,-0.0119403440560867,0.0086705351013407,-0.0053865003281995,-0.0106502184220652,-0.0420298837588979,-0.0105822393440829
2020-06-10,-0.0004356726070734,0.0016562712677546,-0.0041243993092398,-0.0973763097092451,0.0024537763163171,-0.0104617249409164,0.0004642362339966
2020-06-11,-0.0339210591271204,-0.0268579025533148,-0.0263580738905987,-0.0071829962194944,-0.0395362441916685,-0.0509554186324621,-0.0241860678029615
2020-06-12,-0.0111500024668251,-0.0107342663318657,-0.0093873465639832,-0.0344197686594808,-0.0149514651992945,0.0414613014875366,-0.0195455511143828
2020-06-15,0.0198079710108448,0.0350876780455823,0.0170426145993088,0.0332151138033914,0.0090623111580126,0.077861413753778,0.0309777054392671
2020-06-16,0.0029395740344923,0.0101499492086453,0.0061879346858726,-0.0229815037359117,-0.0020876219115811,0.0279534668253416,0.0078074713032
2020-06-17,0.0029102015591128,0.0034405888135155,0.0001618113187418,-0.027522981800628,0.0051487502828833,-0.0303431026171565,0.0054852874579961
2020-06-18,0.0103208267739902,0.011798102245054,0.0019467704911254,0.0051036633322239,0.0137483527857159,0.0259393494698577,-0.0014357089128219
2020-06-19,-0.0138690859562063,-0.0061583311985196,-0.0125079982627099,0.0113671835218087,-0.0212290386117685,-0.0134618179033251,-0.0190269822583757
2020-06-22,-0.0048019030601961,-0.0131676200306213,-0.0029173468873584,0.0169113172962682,0.0009560083707442,0.0063598505123887,-0.005069736568323
2020-06-23,-0.0122522929249,-0.0105922586513899,-0.0148578520050201,-0.0370370524275685,-0.0129277628308359,0.0313600418995139,-0.0147999790736605
2020-06-24,-0.0131913346928302,-0.020531410842563,-0.0049512994933989,0.0157325315842488,-0.0187948306380869,-0.0159199829101563,0.0015697922817496
2020-06-25,0.0082974929126884,0.0112689621903312,0.0006634751189238,0.0443508889269794,0.0049426649060835,0.0510908143326143,0.0240908399476051
2020-06-26,-0.0175050314077255,-0.0280060338410693,-0.0226147689860211,0.0245647052013563,-0.0124235311534618,0.0069625377456569,-0.0235457063711911
2020-06-29,0.0117735962412754,0.0156054926876637,0.0177614170219614,0.0086309800207492,0.0027756385439623,0.0325019119619792,0.0116174005949998
2020-06-30,0.0072291990554607,0.0080878801948691,0.0062020738579427,0.002966546767556,0.0084812682190353,0.0212687613025983,-0.002335528914357
2020-07-01,-0.0003400954027974,-0.0021189555062068,-0.0008267069682371,-0.0201481571903935,0.0003917049985458,0.0092156635540466,0.0010596310523296
2020-07-02,0.0062786711393648,-0.0001508162888493,0.0058900624450723,-0.000298660368145,0.0062537330657106,0.0416114948763354,0.0022073499346864
2020-07-06,0.0008170247949159,-0.0082397460937499,0.0064735022698651,0.0657711256346485,-0.0019335322207673,-0.0206562197122056,-0.0046595266596777
2020-07-07,0.0073080693243241,0.009089508479076,0.0120520650091115,0.0154131809698211,0.0027258447816337,-0.0059412508111961,0.0128303947099716
2020-07-08,-0.0003468936238633,-0.0011996075592436,0.0009541596306393,0.0044736360248766,-0.0025306065042038,0.0047052290659359,0.0058607220381469
2020-07-09,-0.0064862510454964,-0.00513279512161,0.0028860078284171,-0.0094761935889993,-0.0170155041738218,0.024517709619763,0.0075077291103301
2020-07-10,0.0145522442665566,0.0171057360668262,0.012748991825666,0.0127388412512935,0.0166007940300135,-0.0005230273726303,0.0110948420030233
2020-07-13,-0.0060859366137842,-0.0122455273827507,-0.002197792589822,-0.0046936196176706,-0.0061573924823527,-0.008963103181355,-0.0191967490246327
2020-07-14,0.0277819220188934,0.0254873261681839,0.024202374272814,0.0352260809762736,0.0302144105285052,0.0134431188542523,0.0380315793725045
2020-07-15,-0.0117726117120183,-0.0038039815952433,-0.0096582071192787,0.0106061111067228,-0.0146204086524057,0.0028655898259707,-0.0052576236385119
2020-07-16,0.0055430705854601,0.0014675443941416,0.0012382267497126,-0.0177677452637515,0.0089404836110241,0.0173890341246044,0.0035971644028839
2020-07-17,0.0027898470282236,0.002629661259326,-0.0061500848746668,0.0132653175419142,0.0119782778587489,-0.008819864403387,0.0007339417543825
2020-07-20,-0.0087920766266972,-0.0150474627497165,-0.0125678447936039,-0.0332828971231161,-0.0107407746491609,0.0448874923746708,0.0060395665898155
2020-07-21,0.0095876975716102,0.0023699604155246,0.0141509677275405,0.031832286792578,0.0110383562987145,-0.0167261759440103,-0.0021649390151821
2020-07-22,0.0038696448522295,-0.0029560237483214,0.0034108716388082,-0.0178796046547953,0.0083179440967029,0.0021791804903261,-0.0055923057688727
2020-07-23,0.001989650048261,0.0109355033720639,-0.0001538790189304,0.0143222863208464,-0.0010920560628588,0.0182106803877657,0.0087023814004316
2020-07-24,-0.0087120694560938,0.0004369814804092,-0.0119981349587155,-0.0052949845002674,-0.0086720786895912,-0.0172163644586039,-0.0102291323460331
2020-07-27,0.0106793509908309,0.021459871835082,-0.0018690829110824,-0.0096544985320781,0.0133090861848979,0.0184766248323469,0.0114029551710769
2020-07-28,0.0053967312425717,0.0134343636559507,0.0056092335406631,0.0051282246907552,0.0028802853215047,-0.0087257010971202,0.0077807075361048
2020-07-29,-0.0064634591190245,-0.005049096703267,-0.0051003743002359,0.0040691721427752,-0.0082081281834253,0.0225609570014767,0.0021658321622885
2020-07-30,-0.0103188397170664,-0.0195833841959636,-0.0098268766513396,0.0007680178761434,-0.0067676056596381,0.0019918025449244,0.0024823941147286
2020-07-31,-0.0021097519007183,-0.0158345311628123,0.0031710918647088,0.0069391020000641,0.0018054213742605,0.0059588629878479,0.0087991561857921
2020-08-03,0.0041726017669961,0.0050724416539288,0.012221854951844,0.0223747066475631,-0.001978359688364,0.0173214503696986,0.0030660270695546
2020-08-04,0.0107135777141578,0.0050461140576872,0.020173733288501,0.0064984290711788,0.004518344329056,0.0260603125632547,0.0114790064948527
2020-08-05,-0.0069068057025904,-0.0073096535957281,-0.0164885775733541,0.0083992133506112,-0.0039732239524962,0.0360706958222143,-0.0072974180700158
2020-08-06,0.0073401439090605,0.0020264441520339,-0.0018662945705529,0.0251219214462654,0.0200367669487904,-0.0746201166829401,0.0127709873377821
2020-08-07,0.0043962781220271,0.0038988684919336,0.0065696569207008,0.0159220090254573,0.0025243309044272,-0.0031719181695558,0.017261384367139
2020-08-10,-0.0024251997586106,-0.0080483640881186,-0.0079365409162182,0.0154061588483033,0.0007213871050847,0.0080915122623594,0.0016378074448257
2020-08-11,-0.0170903765705155,-0.0136094171935648,-0.0270862622697287,-0.0125714111328125,-0.0089766605592702,-0.0218710541959792,-0.0209405729086092
2020-08-12,0.015920766571489,0.0143483994692711,0.0128493908340043,-0.0141073216159318,0.0178019901147713,-0.0041408350354134,0.0158682647848487
2020-08-13,-0.0017970771840169,-0.0037529177368889,0.0004766856474225,0.0131455726138397,-0.0032034224875425,0.0039419849529405,0.0028291659402199
2020-08-14,0.0011286189877527,0.0033395632113646,0.002535253460065,0.005803156670708,0.0005348329330589,-0.013801445650215,-0.0022277076645651
2020-08-17,0.0091944824816883,0.0083936591007584,0.0142000267594569,0.0293167236082739,0.0094659539812213,-0.008699902942809,0.0090278692653107
2020-08-18,0.0099098432492684,0.008196716815069,0.0056013790128368,0.0022431240469674,0.0121950972848903,0.005635744443115,0.000790805420162
2020-08-19,-0.0080327389695299,-0.016006899057344,-0.0060138689101754,-0.0017936775581692,-0.0071715910537637,0.0,-0.0043263994613062
2020-08-20,0.010355750748507,-0.0014526217234275,0.0,0.0054384286870759,0.0148936193237947,0.0171301505043961,0.0104587189289012
2020-08-21,0.0046159008552338,0.0014536774646055,-0.0037349126234894,0.0142501941000153,0.0077152805685484,0.0133710011306515,4.920009287184103e-05
2020-08-24,0.0065673039958481,0.008844433805352,0.0017182226822795,0.016655563409538,0.0094011303697393,-0.0263899358797717,-0.0036838745198229
2020-08-25,-0.004019645890502,-0.0048690241782859,-0.0106826885142109,0.0,-0.0020685905077889,0.0229298319882267,-0.007245646564871
2020-08-26,0.0101327349372544,0.015584331228002,0.0091094997288311,0.0198369307266262,0.0088159403575198,-0.0034973579586494,0.015215896941586
2020-08-27,-0.0039604225084734,-0.0005673888727283,0.003255799759266,0.0092692457605794,-0.008697106528675,-0.00036156175552,-0.0024277737674625
2020-08-28,-0.0039086278632718,0.0025582760604652,-0.0203986974733392,-0.0078907855982281,0.005344851263638,0.0013814386446669,-0.0025838474644758
2020-08-31,0.0052864352587879,0.0119880686591068,0.0099494799613325,0.018494636781754,0.0037800241086241,-0.0302162957762553,0.0085595501399934
2020-09-01,-0.0072632267928934,-0.0170358395236415,-0.0125156329783693,0.0033826606763821,-0.0034246705087982,0.0198439248188035,0.0027267739782249
2020-09-02,0.0175862240024123,0.0193977461258293,0.0228353725872086,-0.0344027233298683,0.0144404362906847,0.0350728695902287,0.0134299457937044
2020-09-03,-0.0184699920168973,-0.0052623400659225,-0.022963472422312,-0.0157549498617735,-0.0203285951729183,0.0035286175441442,-0.0234083271063742
2020-09-04,-0.0068312674655239,-0.0067441699560607,0.0033365570980614,-0.0199115378470709,-0.0080547972287318,-0.0550123477738507,-0.0124754788117078
2020-09-08,-0.0314623721798099,-0.03855077771173,-0.0552380879720052,-0.0735093227852984,-0.0169107602925665,0.0347116218213027,-0.0210635868067931
2020-09-09,0.0062549087867777,-0.0062733112485429,-0.0024946203760911,-0.045120162032031,0.0141093337971072,0.056484892874053,0.0184403481567663
2020-09-10,-0.0087969492125514,-0.0063233691737991,-0.0228867176397562,-0.0320610266156189,-0.0026201139891512,0.0193214404324524,-0.0181322940373476
2020-09-11,0.000620102783437,-0.0068295181728727,-0.0010238491494202,0.0181054478000077,0.0043630018032933,-0.0191395541218634,-0.0003523090023324
2020-09-14,0.001338610975611,-0.002135439213879,-0.0016989855212601,-0.0056323915250438,0.0055468833843247,-0.0118988007618788,0.000500030517578
2020-09-15,-0.0004787209125894,0.0036702533416375,0.0023777069821463,-0.0410256019005408,-0.0027467784963452,-0.0190873274013976,-0.001893038569777
2020-09-16,-0.0132778835802855,-0.025308677014758,-0.0074336650940627,-0.0260499619899173,-0.0048068459965126,-0.0078199684368408,-0.013309534795624
2020-09-17,-0.005452080080198,0.0025256487966211,-0.0137033097366193,-0.0209654709388469,-0.0040041703992901,0.0016123389001053,-0.0165331707556359
2020-09-18,-0.0054096096170603,0.0031887267912897,-0.0001744660022852,0.0484322363693993,-0.0124060648287909,-0.0108819713742967,-0.0127844895462387
2020-09-21,0.0037425028831962,0.0044843465751513,0.0152631391558731,-0.0152505815543187,-0.0033904789133149,0.0137792735659418,0.0099188199718634
2020-09-22,0.000603142979458,-0.0007972425188875,-0.0003447102852092,0.0088129904357317,0.0005378736939894,0.0017300215986522,0.0123125298622244
2020-09-23,-0.0188407038356151,-0.0312202449071976,-0.0166950516098639,-0.0394304109709522,-0.0138514203211029,-0.0532917259894996,-0.0407508394425305
2020-09-24,0.0151902615338899,0.0270492053422771,0.0103270620408984,0.0014212403816605,0.0142257660632631,0.0026834325677294,0.0149952089730802
2020-09-25,0.0082667067456966,0.0075068074767822,-0.0015060266920298,0.0154905595545799,0.0199781773825868,0.0061012814962734,0.0135979223503637
2020-09-28,0.0004769285201405,-0.0028319745325149,0.0005011290217038,0.0133965815714891,0.0008777956085705,-0.0044511608611371,0.0022593569385137
2020-09-29,-0.0089211830311116,-0.0051748757830613,-0.000167000529674,-0.0011056084906008,-0.0103381839099851,-0.0309253223697533,-0.0150933797512867
2020-09-30,0.0212707211478784,0.0134943794418882,0.029200734041192,-0.0132559943212525,0.0151970420221359,0.0206678372143238,0.0142125674119856
2020-10-01,0.0061504874829667,-0.0052534604584709,0.0122957175966285,0.0211698687807951,0.0048585593286025,0.0020605838660037,-0.0079080235261466
2020-10-02,-0.0015102661890857,0.0147404519360412,0.0027265755862549,0.0202740185881314,-0.0100974587434569,0.0064220370138093,0.0108507208631881
2020-10-05,0.0042934726513684,0.0094077829241809,0.0043262371162283,0.0316741718492194,0.0022827228511616,-0.0075757575757575,0.0090518801190994
2020-10-06,-0.01552407023751,-0.0050388488689006,-0.0185927209289982,0.038136721016258,-0.0171718862357943,0.0085041261278737,-0.0210962087790761
2020-10-07,0.0003795255957322,-0.0041455036765296,0.0014634171152502,-0.0453333074396306,0.0007123259081593,-0.002785295017125,0.0078894891766828
2020-10-08,0.0006526423519369,0.0024593247481338,0.0021221200077887,-0.0077713101864372,0.0003541157564762,-0.0172819308086946,-0.0030268640644004
2020-10-09,0.0058705763240796,0.0044234430495235,0.0058527169594399,0.011286701153623,0.006676055522478,0.0035888784585429,0.0016344416731814
2020-10-12,0.0137101722757221,0.0046969327059658,0.005482989224172,0.0097014771703183,0.0176991226593609,-0.0192168821771459,0.0244250332528937
2020-10-13,0.0026582295355991,0.0111985145772464,0.0057729410973066,0.00988634540114,-0.0003393863490809,0.0081014074416653,-0.0014960507334766
2020-10-14,-0.0030917996894908,0.0017980633866213,-0.0095708803200621,-0.0004899671218323,-0.0011933122230873,-0.0232316924304496,-0.0086613144024736
2020-10-15,0.0096721707968501,0.0075030012691996,0.0104754477658508,0.0383758172934706,0.0093425765165253,0.0299734761063513,0.0123525450422043
2020-10-16,-0.0089318929763303,-0.0028236355895545,-0.007795126848696,-0.0014364704963718,-0.0104131203701703,-0.0427712379328835,-0.0036976239199981
2020-10-19,-0.0134703386425678,-0.0068503212810109,-0.0174735513613997,0.0050119111414101,-0.0139703583940346,-0.0224358974358973,-0.0121030167835999
2020-10-20,-0.0107798414729444,-0.0156018276990315,-0.0077922005539981,0.004729268352085,-0.0095602163867676,-0.0487598819308858,-0.0094034407565951
2020-10-21,0.0023562559737829,0.0007585414615706,0.0039519459949918,-0.0183918599882869,0.0028238589453404,0.0055820786813413,-0.0028077137856525
2020-10-22,0.0025696353529423,0.0049977561283578,0.0088859784673302,-0.0311825205057139,-0.0001760009837797,-0.0078835532651093,-0.0018974108573717
2020-10-23,-0.0054618972473894,-0.0005988160733518,0.0021086334176876,0.0167487766190246,-0.0113516893160159,0.0126446393289251,0.00475634399006
2020-10-26,-0.014329738912651,-0.0133653617449144,-0.0124696430407072,-0.0034365046288083,-0.0165598345388641,0.0218094072860102,-0.0039521853165539
2020-10-27,-0.002734788843552,-0.0082480663732841,0.0037772958538644,0.0044554529301311,-0.0021767230955386,0.0038000511858726,-0.0117737444017111
2020-10-28,-0.0181358958638409,-0.015658888705941,-0.0148956924603851,-0.0474525844763928,-0.0208179307080044,-0.0070240377236164,-0.0213472645250848
2020-10-29,-0.0045643487223023,-0.0109751797058578,-0.0080401932345419,-0.0113366807729001,0.0009408964553036,0.0113354516259838,-0.0091061074128662
2020-10-30,-0.0008341303551508,0.0014331234662622,0.0018641012282732,-0.020988334971775,0.0016971554716125,-0.0582516933185771,-0.0141453386692703
2020-11-02,0.0052345813008537,0.0028230914352923,-0.0010035352462328,-0.0072815653837844,0.0074156754924506,0.0213717905707115,0.0097611148351569
2020-11-03,0.0047187458030814,-0.0004658656572793,0.0123025410639626,0.0249128434198161,0.0072182009709367,-0.046110366344875,0.0026712256628093
2020-11-04,-0.0124971374738715,-0.0154846697374843,-0.0165880700914154,-0.0153155012599984,-0.0120482283094573,-0.0004969675312334,0.0007943329716142
2020-11-05,-0.0010310376750356,0.0035898760422838,-0.0065616423423392,0.0785425076203856,0.001439849070916,0.0040541820299983,-0.0169456181957904
2020-11-06,0.0019557281188294,0.0004663989340672,0.0075894915004191,-0.0262172099141745,-0.000358046142949,0.0282123901872745,-0.0005297247702713
2020-11-09,-0.0391473182368178,-0.0249341895301358,-0.0442188126795636,-0.061565241070903,-0.0316883433948862,-0.0896684451669192,-0.0700390752322357
2020-11-10,0.0207569686023035,0.0200222807900866,0.0120233070004346,0.0177963967932182,0.0301335625914609,0.0082200358836162,0.0164245946447275
2020-11-11,0.0131654815631022,0.0183172980241501,0.0149127451812536,-0.006353240398838,0.0094405753203628,0.0261363063856563,0.0176422847854288
2020-11-12,-0.0025823146022989,-0.0076219513968013,0.0044835677896142,0.0,-0.0057093083168388,-0.0057646807502298,-0.0169005520444232
2020-11-13,0.0065147810064817,0.0013705492583327,0.0051104743499969,0.0186509850183951,0.0093880547849414,-0.0059192975251843,-0.001406370395705
2020-11-16,0.0073789057191752,0.0171097275014733,0.007903829175933,0.0516209419848262,0.0065180286979089,-0.0003517061954494,-0.0054539108607902
2020-11-17,0.0035048150376353,0.001661389697517,0.0045901439228997,0.0060182954860396,0.0048060865441297,0.01226639101022,-0.0031108010627107
2020-11-18,-0.0104000206591775,-0.0207832055888532,-0.001143785848882,-0.0224558630602073,-0.0165162817684942,-0.0274106998905408,-0.0042085933767217
2020-11-19,0.0060944040248852,0.0035394846977108,0.0177281986788573,0.0095728859494517,0.0013907860869397,0.0196690205871898,0.0078099115154759
2020-11-20,-0.0050287167555983,-0.0030669675057519,-0.0095238118696011,0.0199016595432429,-0.0048763286002384,0.0361466144811322,-0.0020646828389654
2020-11-23,0.0036084433985491,0.0090332758891902,-0.0034296764011536,-0.0188589383394111,0.004378283829785,0.0643962562687861,-0.006676414026292
2020-11-24,-0.0043460831306711,-0.0246682553594558,-0.0159220073823534,0.0555823870877755,0.0053903909292055,-0.0011923227513438,0.0083242880331502
2020-11-25,-0.0065230729411602,0.0052438902710491,-0.0121831027003269,-0.0389104372093736,-0.0087930745091929,0.0085625800799397,-0.0058388492642789
2020-11-27,-0.0016140904649174,-0.0032972066101533,-0.003645358932365,0.0203009866372618,-0.0029498868730134,0.0501220772978927,-0.0027807715104862
2020-11-30,0.0081378744155924,0.0163803874332178,0.0121484363518492,-0.0171321176198008,0.0034934631081127,-0.0138164280693314,0.0062967449777634
2020-12-01,0.0064629075796406,-0.0004708645381881,0.0100494333226431,-0.0037825023711094,0.0115936694641112,0.0030544211169927,-0.014523229869201
2020-12-02,-0.0105239662325281,-0.0127498437613335,-0.0161737931478039,-0.0016528854154972,-0.0034281927051138,0.0009799448862309,-0.0221414027395801
2020-12-03,0.005799847656828,0.0063898008886417,0.0048212318116951,0.0164900058977285,0.0051493831170764,0.0095574031265449,0.0136761485681822
2020-12-04,0.0018821032396054,-0.0087412468700928,0.0021554841727385,0.0103830355642622,0.0051081089630316,-0.0079438092220441,0.0155658283294728
2020-12-07,-0.009272290595111,-0.0080064050262865,-0.0104356015332847,-0.0162285505022321,-0.0086557762624304,-0.0059287151589479,-0.0133134519983586
2020-12-08,0.0059430918200356,0.0070841832617153,0.012743161368348,0.000702472363317,0.0005149775979833,0.0234332206317265,0.0137789334674072
2020-12-09,-0.0101218604558124,-0.0106908917906642,-0.0157597373503674,-0.0156396354168104,-0.0079064813004432,-0.0292148128884118,-0.0022500705062966
2020-12-10,-0.0106283483113939,-0.0024143171302131,-0.0082547451723131,-0.0135649616519436,-0.0143078441712233,-0.0103429109681788,-0.0018236233288908
2020-12-11,0.0080143963229442,0.0076249387630923,0.009015117724839,-0.0136153989484123,0.0102077056348088,-0.049794202570478,0.0055973803501127
2020-12-14,-0.0038828430123297,-0.0092800292968749,-0.0058626848299077,0.0151960525362361,-0.0013944224829496,0.0408075097753663,-0.0059675786492719
2020-12-15,-0.0054765754542937,-0.0125765684221184,-0.0092313366038054,0.0096084002142389,0.0019183922228607,0.0211418610703749,-0.0163987819790597
2020-12-16,-0.0022676290878068,-0.0019474023687896,-0.0015251678554114,-0.0399908607660724,-0.0045248577388762,-0.0030401227456117,0.0079364611969656
2020-12-17,0.0100482028424986,0.0090439500944927,0.0065756091825698,-0.0312647344247994,0.012054482992242,-0.0006464251150765,0.0156753177371712
2020-12-18,-0.0020574642112335,-0.006719970703125,-0.0041911147293356,0.0058223643052438,0.0034411694187027,-0.002888167562499,-0.0118530547413308
2020-12-21,0.0036405094240341,-0.0021083533642059,-0.0018611979440653,-0.0313341206146619,0.0062805410374779,-0.00550291379437,0.0154996777808899
2020-12-22,-0.0050735748477429,-0.0034202425724923,-0.0050934302883847,-0.0148989943263117,-0.0052210101260098,-0.0095156235259589,-0.006943718850986
2020-12-23,0.0008539784454289,0.0016257891651308,0.0054542955430134,-0.0058124726815808,-0.0029555282039229,0.0392025352340585,-0.0034297929727471
2020-12-24,0.0058950447315844,0.0032477580755986,0.0064681032870678,-0.0138959834844239,0.0074886854560775,-0.0260994667207335,0.0052699273615694
2020-12-28,0.0018518828667787,0.0066203753494548,0.0021951578983169,0.0084333761142244,0.0020636101244357,-0.0365957826739677,-0.0027754284306519
2020-12-29,-7.201067251812353e-05,-0.0030409511539857,-0.0042087541006389,-0.02100729060029,-0.0013667865714312,0.0060726017033575,0.0149861009775129
2020-12-30,-0.004919484156988,-0.0099759087909894,-0.0084659666165552,0.0182191188666287,-0.0012054364593093,-0.0046948545298086,-0.0090127921489677
2020-12-31,0.0071391148819392,0.0113765769027607,0.0046130268818521,0.001254781773462,0.0063683779053254,0.0133154516112646,0.0109983179185568
2021-01-04,-0.0058396386027499,-0.0091905786942456,0.0076817503273555,-0.0281337027868946,-0.0097453153216668,-0.0190485397989856,-0.0186886713128072
2021-01-05,0.0027721079121531,0.0050414303160168,0.0022049028177388,-0.0169230730105669,0.0015546753072514,0.0413944394143617,0.0045842248527275
2021-01-06,0.0009875776092555,0.0019607668364185,-0.000678211526582,0.0093311762200206,-0.0020693696000804,0.0861965786638339,0.0018131203612634
2021-01-07,-0.0029628405148337,-0.0105622605818795,-0.0094016963600093,0.0221261174627953,0.0006929504501766,-0.0315884949626285,0.0088335657635385
2021-01-08,-0.0075210780935424,-0.0118187365010933,-0.0275861805882946,-0.0256092133946519,0.014293179537929,-0.0243091449246194,0.0019996048002401
2021-01-11,-0.0167114256850798,-0.0172157079648113,-0.0143668208220217,0.0079588588580647,-0.018397518872618,0.0012549814603171,-0.0199916646829231
2021-01-12,-0.0120618999568057,-0.0157982962472097,-0.0194770390657327,-0.002012624680621,-0.0005230824776814,0.0028846447284403,-0.0131298393779533
2021-01-13,0.0096655947440856,0.0069810974052069,0.0152125732306843,0.0012658034698872,0.0049045153012525,0.0133288941322929,0.0045239747404903
2021-01-14,-0.0022058159152774,-0.0073962418724475,0.0059545622872215,0.0135849286925117,-0.0019156530679546,0.0029280052672464,-0.0152622329640188
2021-01-15,0.0039213748634935,-0.0032084167087086,0.0093323841775233,-0.0017425864579287,-0.000174704204319,-0.0286419237216893,0.0170912223426143
2021-01-19,-0.0108583010334094,-0.0164872066769527,-0.016778537281188,-0.024969149992102,-0.0060880549417249,0.0518834247330328,-0.0085278269180594
2021-01-20,-0.0070184910635048,-0.0138580216033906,-0.0050341385234431,-0.0274077784255032,-0.0007000510317574,-0.0080889214409724,-0.0113146876856478
2021-01-21,-0.0065042751400285,0.0036407608072397,0.000180935898179,-0.03725899597131,-0.0140548008221303,-0.008867373313061,-0.0031607729212792
2021-01-22,0.0072987052780179,0.0051724006389749,0.0143167979550236,0.0434664062599583,0.0032102783334312,0.0037720498835652,0.0039340028625024
2021-01-25,0.0257619142372148,0.0260631081227281,0.0354077865122888,0.0392207896272371,0.0157170428118847,0.056303348543797,0.0264900925549664
2021-01-26,0.0181807636151379,0.0183884734157942,0.0219495410364107,0.0060377780746363,0.0140869734841263,0.012414062443884,0.0162876069426439
2021-01-27,0.0066713391802384,0.0194540212036557,0.0219966681103564,-0.013920507730338,-0.010001815980589,0.0179901790601803,-0.0187754563491132
2021-01-28,-0.0079981203118632,-0.031078910669862,-0.0164042732195603,-0.0640081413800292,0.009187287487321,-0.0117314554744002,0.0002197433303999
2021-01-29,-0.0057974549165245,-0.0176666895548502,-0.0194093084536524,-0.0252755757305646,0.0070844576758121,-0.0121653452574041,-0.0122449044861259
2021-02-01,-0.0062882976866352,-0.0020359507071721,-0.0098072901806527,0.0476189879631377,-0.0064736667218188,-0.0162838513047963,-0.0008962786146091
2021-02-02,0.0024869442142526,-0.0076400806669203,-0.0048359686807435,0.0164706161598754,0.0098902936706346,0.0145676847036701,0.0026894385803374
2021-02-03,-0.0090111013346149,-0.0066781368862271,-0.011138172639153,0.0180946369703631,-0.010028677861045,0.0255993297202525,-0.0072731510115541
2021-02-04,0.0067620856631477,-0.0020693696000804,0.0026431986939012,0.0440281569379979,0.0124751149806004,0.0179006480402,0.0013519052985525
2021-02-05,0.0046279463924793,0.0017261949524305,0.0073710422431867,-0.0429065019867224,0.0028545914289025,-0.00629458257427,0.0116526713224351
2021-02-08,-0.0015762389899733,-0.0073920664262299,0.0034782741380775,0.0085245768229166,-0.0016039948602544,0.0199684398276969,-0.0008800113060385
2021-02-09,-0.0092672773387214,-0.0053494627991319,-0.0046600011074078,0.0966007255311338,-0.0129823857047693,0.0153821916466902,-0.0024178615877374
2021-02-10,-0.0070159102887073,-0.0006878919084729,0.0013791041780633,-0.0481998003449768,-0.0105659052825154,0.0173118975689424,-0.0075417513184242
2021-02-11,-0.0058149306314401,-0.0155440673948279,-0.021324189955781,-0.0116046022743014,0.0103429448105859,0.0077685504323764,-0.0080565428983144
2021-02-12,-0.0014089935548264,0.0063135848379765,0.0052798176464592,-0.0070635414633733,-0.0077310376381414,0.008826752299958,-0.0025589200552663
2021-02-16,-0.0097689589008818,-0.0094076812050934,-0.0088043668240777,0.020589431548516,-0.0048957470588096,-0.010706097565956,-0.0308806771160172
2021-02-17,0.0070795877963925,0.0200386606060655,0.0137401935257701,0.0259920142645453,0.0021897615612301,0.0032726019154646,-0.0031315735170287
2021-02-18,0.0242207451058665,0.0283295803582558,0.0218387056203833,-0.0025149401600252,0.0268935460081733,-0.0074731533012508,0.0072201595127138
2021-02-19,-0.0281476387889053,-0.0272131524458918,-0.0261978704889907,0.0155672163176107,-0.0296587423835552,-0.0060033169558872,-0.0310987901144067
2021-02-22,0.0027818264474292,0.0185630459039607,-0.0063683109521561,0.0003836650173388,0.0012903169552852,-0.0158256620594453,-0.001902088170294
2021-02-23,0.0032472112460636,-0.0052022381691091,0.0090569758319188,-0.0069164383406031,0.0055045731570743,-0.0142806453543549,0.0013054902392918
2021-02-24,-0.0048418802982832,-0.011635727412923,-0.010389155539291,0.0598802095172901,-0.0038503681875234,0.0493286242283815,0.0137477765080869
2021-02-25,-0.0030805452689595,0.0025601898871525,-0.0078180283626947,-0.0034977656070769,-0.002583968048355,-0.0287468386110121,-0.0056543259628955
2021-02-26,-0.018100388354305,-0.0218644222970736,-0.0164491682213962,0.006468277031476,-0.0202727332869187,0.0105452339735787,-0.0027216110651947
2021-03-01,-0.0032465400146928,-0.0050699460080294,-0.0072542204499323,-0.0034526373055358,0.0005593656293009,0.0334344376903122,-0.0028304972423415
2021-03-02,-7.916186658939396e-05,0.0028035718988556,0.0034620740344585,-0.0025454434481534,-0.0029717653595588,-0.0272805724933596,0.002479620715774
2021-03-03,-0.0072592400413859,0.0052604428928501,0.0003645062539275,0.0058845106388172,-0.0113912347160108,-0.0333587144030207,-0.0172474785369769
2021-03-04,0.0084188257470123,-0.0022479865813426,0.0054555233297623,-0.0080116285757231,0.014285682530716,-0.0478914004710337,-0.0082545142031421
2021-03-05,0.0242615105609148,0.0220842411009811,0.0217743223163156,0.0352367321568983,0.026977142054409,0.0087533730912192,0.0155160082390852
2021-03-08,-0.0004104372346936,0.0013491034078241,0.0131555871264904,0.0518505810753715,-0.0057688784528957,-0.0356746239894679,-0.0044954129765236
2021-03-09,-0.0007684231533433,-0.0043881573254549,-0.0048543477429862,0.0179253415942686,0.0007196311535155,0.0122378391809533,0.0061538064268213
2021-03-10,0.0104109631746714,0.0070814054834004,0.0171964857341452,-0.0241042886018463,0.0055475582080944,-0.0052909955085824,0.0079793510377301
2021-03-11,0.0015277056298265,-0.0023569562415702,-0.0030869542263162,-0.0385513623027937,0.0058992105676798,0.0206156998665589,0.0018678032439264
2021-03-12,0.0120331805371831,0.0160857754618576,0.0113616774948951,0.0419847676833457,0.0112019422940233,0.0150030039896369,0.0069597318233722
2021-03-15,-0.0020253009524971,-0.0149351689291688,-0.0023664535160502,-0.0061563883740209,0.0040350796883566,-0.0055920251127981,0.0019501912643825
2021-03-16,0.0072448066939324,0.006000010172526,0.0064406960697496,-0.0170666125552915,0.0087290504653559,0.0034651495272551,-0.0009162089554115
2021-03-17,-0.0013995689176037,-0.0019834534195829,-0.0025193403354446,-0.0256984800885367,-0.0013793419147359,0.0200659708868089,-0.0001154181376389
2021-03-18,0.0067892714719005,0.0079800420625062,0.012166292953536,-0.0230129759803735,0.0062554407493325,-0.0657858021181582,0.0011598059928708
2021-03-19,0.0030529917186508,0.000987676926601,0.003675876797194,0.0023756807477697,0.0039744175994723,0.0007137681918471,0.0004624383297959
2021-03-22,0.0232554343066617,0.0288588393406008,0.0255340894650943,-0.0484605552375675,0.022237643307125,-0.0412315428255317,0.0139658251730923
2021-03-23,-0.0045351041155275,0.0003196493185427,-0.0082658367896941,-0.0044608133458171,-0.0037402451860685,-0.0048317962089349,-0.0070311039287401
2021-03-24,-0.0013084601067897,-0.0050145806344442,0.0017087914104384,-0.0218357694321784,-0.0046288436360024,-0.0441080949113175,0.0103890286784395
2021-03-25,0.0107747842145741,0.0129177980480921,0.017954843455534,0.0037773845782935,0.0029114914440762,0.0252282011769307,0.0068104254768782
2021-03-26,0.017333266238557,0.0149752846878101,0.0231582658932969,-0.0166016069561005,0.0145075690716401,0.0043390794339578,0.0193220235533634
2021-03-29,0.0154056072786683,0.0148437023162841,0.0232520384925257,-0.034826819762087,0.0141557153762705,-0.0590344381403526,0.0014444139268661
2021-03-30,-0.0256604320933796,-0.0183217657062752,-0.013884438780775,-0.0010080491652963,-0.0170568640598163,0.0338737004923719,-0.0620761298170353
2021-03-31,-0.0006427834261522,-0.0015773231295197,-0.003250987669884,-0.0498386027493991,0.0037728931714043,-0.0175780032252867,-0.0062416133635153
2021-04-01,-0.001757304679671,0.0020566535358037,-0.0047378029711636,0.0142552801903257,-0.0022195845790098,0.0321292506828127,0.0016837078465016
2021-04-05,0.004444963588416,0.0041022139026753,0.0075323249839749,0.030814065789114,0.003754287140473,-0.0260892925522378,-0.0010092670151245
2021-04-06,0.0079428707558055,0.0069203334278107,0.006192976928542,0.0189795980648118,0.0090505253905032,0.0085234930225825,0.0103592593585296
2021-04-07,-0.0036395486437556,-0.0088729718832336,-0.0075978211455833,-0.02061056517599,0.0010146720363598,-0.018906131279028,-0.0098833909992973
2021-04-08,-0.000342513230797,0.0040880840010754,-0.0006558602135842,0.0039604111473159,-0.0062341860387088,0.0077614799694864,0.0070778253937546
2021-04-09,-0.010265416380525,-0.0180222770902534,-0.0142622775718814,-0.0001987737909514,-0.003386973167206,-0.0035133498427833,-0.0119982024126783
2021-04-12,0.0018974389811058,0.0092312271121206,0.0117823252397305,-0.0120126156954589,-0.0052613300785392,0.035195067192512,0.0018167782748247
2021-04-13,0.0006417889940492,-0.0017407310974018,-0.0039395579609828,-0.0073515345344917,0.0037625688628847,0.0031722476993258,-0.0001136219058181
2021-04-14,-0.0051569788550852,-0.0094966519661751,-0.0019759415904706,-0.0090054182899041,-0.0044384112001279,0.0124867164320611,-0.002043281680826
2021-04-15,0.0009381364962349,0.003186247594088,-0.0036202273991429,0.0146321818233534,0.0034182322453741,-0.0168598033714499,0.0029472016847972
